base;orth;interp_signs;lex_classes;proper_names;verb12;bigrams;trigrams;tok_count;doc_name;true
"można:25;rok:50;ważny:5;ale:232;dużo:24;może:23;wpływ:3;długi:12;rząd:8;długo:29;stać:58;tu:55;wojna:1;postępowanie:1;to:318;praca:18;miasto:1;pamiętać:9;zadanie:2;daleki:12;matka:29;daleko:33;dziękować:1;móc:131;list:2;liczyć:3;koło:16;zły:20;ten:202;za:132;duży:5;wielki:40;młody:31;sąd:3;aby:29;początek:7;się:916;woda:20;bliski:1;towarzystwo:8;strona:11;zmienić:6;miesiąc:2;wzgląd:2;pracować:15;tytuł:1;zawsze:44;swój:86;fakt:4;prawie:10;że:354;przygotować:3;cztery:1;godzina:8;wiele:29;sejm:1;społeczny:2;akcja:2;znać:21;członek:1;słowo:24;nigdy:32;myśleć:35;według:3;żyć:29;rozpocząć:5;jednak:24;my:87;czy:40;albo:4;gdyby:33;wspólny:1;język:5;też:25;także:26;tam:45;koniec:21;tak:148;przy:29;późno:15;dwa:28;przykład:4;prezes:1;mężczyzna:2;twarz:20;czekać:13;pełny:7;a:355;ogół:1;dobry:33;gdyż:22;człowiek:102;trochę:24;dopiero:8;około:7;pani:35;rozmowa:8;zostać:36;pewno:1;miejsce:25;część:7;zaś:6;chcieć:48;lecz:5;izba:5;wcześnie:4;cel:3;noc:14;siła:21;charakter:4;bóg:23;oko:54;nawet:66;tyle:18;kościół:4;narodowy:1;tysiąc:6;chwila:30;kraj:7;prawo:9;widzieć:27;wszyscy:31;odpowiedź:2;kiedy:20;śmierć:7;zarząd:1;mój:27;ciało:3;jakby:18;czas:67;więc:33;mimo:11;badanie:2;chodzić:31;w:603;mówić:51;jakiś:33;trwać:8;wziąć:36;powinien:7;dojść:7;drużyna:1;napisać:6;dać:28;przez:39;umowa:1;przed:30;państwo:5;pisać:4;ulica:2;wniosek:1;trzeci:8;powstać:2;bez:34;kto:34;gdzie:32;dana:1;życie:57;rozumieć:13;sam:77;wszystek:23;ani:69;milion:2;raz:38;wiadomo:11;zmiana:5;świat:10;trudno:18;każdy:25;taki:53;rodzaj:11;tylko:73;prosty:12;typ:1;dom:29;głos:13;dzień:41;jeżeli:11;cały:48;środek:8;miejski:1;liczba:2;dobrze:30;uważać:7;służba:2;wyglądać:6;robić:26;być:574;rozwiązanie:2;wymagać:5;wypadek:6;ostatni:11;jak:180;dziecko:21;wysoki:12;do:329;autor:3;wówczas:4;prawda:13;naprawdę:1;rzecz:23;iż:10;inny:66;zajmować:15;zacząć:14;ponieważ:1;dla:67;książka:9;rada:7;lub:33;niestety:1;zdrowie:3;jeden:75;zresztą:6;niż:19;klient:1;ja:87;dziś:19;powiedzieć:28;stanowisko:5;ile:7;iść:32;prowadzić:2;dawać:25;udać:4;sposób:15;brak:1;szybko:1;co:49;związać:1;droga:21;trzeba:15;ty:46;pod:54;grać:47;wiek:21;trzy:13;zobaczyć:10;ręka:41;potrafić:14;po:129;niektóry:7;potem:22;minister:1;nowy:28;urząd:1;związek:3;chyba:18;ojciec:41;właśnie:9;brać:12;jedynie:1;publiczny:1;wiedzieć:81;nikt:48;pan:7;teraz:13;kobieta:12;przyjąć:13;nic:70;coś:31;syn:29;mieć:140;nie:798;który:282;znaleźć:19;powód:9;historia:3;i:1292;podobny:16;twój:8;stanowić:2;jeszcze:62;gdy:84;rynek:1;zdanie:3;wczoraj:1;mieszkaniec:2;okazać:5;pierwszy:36;góra:19;jako:10;myśl:14;przypadek:6;jaki:47;wydać:12;żeby:36;różny:9;musieć:54;już:91;kilka:29;tydzień:3;twierdzić:1;mieszkanie:4;wydawać:6;lekarz:2;właściciel:3;bowiem:7;zasada:8;aż:22;czuć:23;sprawa:13;mały:20;władza:5;bardzo:41;między:15;mało:23;otrzymać:1;bo:55;dostać:13;wtedy:2;odbyć:1;by:63;wśród:15;on:945;złoty:1;połowa:2;od:146;o:147;oba:13;osoba:1;coraz:16;wszystko:37;główny:5;szkoła:1;ktoś:12;rodzina:8;przecież:5;istnieć:1;postać:6;zrobić:16;wybrać:5;żaden:24;jeśli:14;stary:103;obowiązek:13;wrócić:7;należeć:16;pytanie:2;często:31;budowa:4;temu:2;poseł:1;pójść:34;własny:15;z:530;choć:64;potrzeba:28;powiat:6;głowa:45;wyjść:14;nad:34;no:3;na:577;udział:4;rola:3;gra:5;pomoc:3;uwaga:8;przyjść:30;stan:9;nasz:67;drugi:39;prosić:9;u:47;usta:12";"tych:28;gdy:77;niej:38;ale:202;będzie:49;go:192;zawsze:43;pani:30;sobie:108;tu:49;to:266;jak:168;siebie:31;te:17;lecz:4;do:321;dzieci:10;już:86;nawet:64;tej:31;ten:33;teraz:12;ze:55;za:129;aż:19;są:13;bez:33;dla:64;ich:65;kiedy:19;może:33;lub:32;jakby:18;było:137;się:916;bo:55;tego:72;więc:28;mnie:22;je:20;ja:24;on:39;z:445;od:142;oczy:23;o:139;ludzi:30;w:524;wszystko:24;co:163;ona:16;żeby:33;że:346;pod:53;był:105;ci:26;przez:39;by:63;przed:28;jej:76;po:126;jego:72;być:39;ma:23;mi:36;mu:117;kto:18;gdzie:31;była:50;im:42;jednak:22;czy:37;sam:28;ani:69;też:25;jest:46;tam:45;raz:17;tak:146;nad:34;na:556;nas:40;nich:23;niech:2;ją:47;pan:24;tym:13;nim:68;nic:56;coś:27;tylko:68;nie:761;niego:40;który:67;a:322;i:1255;u:45;ku:27;przy:28;jeszcze:60";"exclamation_mark:155;semicolon:124;question_mark:98;fullstop:740;colon:49;comma:3306";"adjc_count:7;pcon_count:278;ger_count:103;siebie_count:165;burk_count:9;fin_count:1036;ppron12_count:245;pact_count:115;praet_count:3023;qub_count:2556;winien_count:12;verb_count:6021;comp_count:713;aglt_count:58;adj_count:6526;adja_count:1;ppron3_count:945;adv_count:1872;ppas_count:259;bedzie_count:57;subst_count:8643;pred_count:164;interp_count:5545;prep_count:3083;noun_count:9843;interj_count:20;num_count:197;numcol_count:1;impt_count:56;adjp_count:22;conj_count:2157;pant_count:67;inf_count:834;brev_count:16;depr_count:10;imps_count:123";"first_names:105;surnames:107;city_names:20;country_names:3";342;"ppron3_ppas:3;burk_qub:1;fin_ger:1;ppas_inf:5;praet_num:18;impt_subst:8;pact_ppron12:1;qub_conj:52;ger_conj:7;interp_interp:128;adj_burk:1;conj_depr:1;interp_interj:12;adjc_qub:1;fin_conj:49;inf_siebie:8;ppron3_siebie:4;conj_brev:2;interp_adv:338;bedzie_inf:1;praet_ppron3:119;praet_ger:3;fin_prep:105;ger_pcon:1;pact_qub:16;adv_fin:57;ppron12_subst:42;adjp_ppron3:1;interj_subst:2;pant_ger:1;comp_praet:42;ppas_prep:52;subst_pcon:41;adv_siebie:7;pred_qub:15;ppas_pred:1;adjp_pact:1;interp_ppas:37;prep_interp:5;ppas_conj:18;imps_siebie:1;winien_praet:3;adjp_qub:1;ppas_interp:75;adv_conj:85;pcon_num:1;pact_interp:12;inf_ppas:2;ppron12_imps:1;imps_prep:22;ppas_subst:52;bedzie_conj:5;empty_brev:1;pact_subst:27;empty_conj:104;adjp_fin:1;aglt_subst:6;subst_pred:27;comp_inf:13;siebie_interp:39;comp_ppron12:12;ppron12_inf:13;imps_conj:7;prep_brev:1;pred_interp:26;comp_pred:9;impt_adv:3;adv_ppron12:17;comp_prep:86;siebie_winien:1;pant_prep:11;interp_comp:521;conj_num:19;adjp_inf:1;fin_num:5;adj_depr:2;fin_pred:7;adjc_praet:4;depr_adj:2;subst_ger:18;bedzie_ppron3:1;praet_winien:1;fin_fin:2;pred_subst:27;qub_ppron3:60;inf_subst:117;interj_adv:1;ppron3_bedzie:3;adj_comp:9;conj_ppron3:26;siebie_inf:12;siebie_subst:25;subst_imps:19;ppron12_siebie:4;adj_qub:139;subst_impt:2;fin_adj:58;interp_brev:4;subst_conj:648;fin_adv:43;conj_subst:680;qub_adv:200;adj_subst:1375;subst_siebie:11;adv_num:8;inf_ppron3:22;impt_qub:5;pred_ppron12:7;praet_conj:162;conj_prep:217;ppas_adj:9;ger_adj:9;ppron3_qub:106;impt_interp:14;interp_pant:12;bedzie_interp:35;fin_subst:133;conj_pred:13;pred_prep:9;ppas_adv:8;ger_adv:2;adj_pcon:7;ger_interp:23;conj_interp:15;ppron3_inf:64;adj_empty:1;prep_pact:6;pcon_siebie:2;comp_siebie:3;praet_pant:3;pant_comp:2;winien_adv:1;inf_imps:7;inf_impt:1;prep_fin:1;empty_inf:9;subst_depr:2;adv_prep:172;pant_adj:3;aglt_adv:6;imps_interp:28;interp_ger:6;pact_inf:4;aglt_adj:1;adv_pred:9;pant_adv:3;pcon_prep:53;qub_pcon:52;impt_ppron12:4;ppron3_ppron12:3;fin_siebie:2;interp_ppron3:25;comp_aglt:9;prep_subst:2012;pred_bedzie:2;prep_depr:1;empty_impt:5;empty_imps:12;praet_subst:433;subst_interp:2379;comp_interp:14;adv_adj:175;subst_ppron12:35;num_praet:16;adjp_subst:1;adv_adv:156;ger_inf:1;prep_ppron3:252;praet_prep:437;pred_praet:27;qub_ppron12:15;adj_pact:3;qub_adj:172;praet_pred:22;num_ppron3:2;inf_ppron12:8;aglt_qub:10;ppron12_pcon:1;subst_adv:269;prep_prep:14;comp_adjc:1;adj_ppron12:13;interp_fin:163;subst_adj:794;conj_praet:247;qub_comp:16;empty_ppas:4;inf_comp:5;pred_fin:4;qub_fin:214;ppas_ger:1;pcon_inf:7;ppron3_conj:22;ppron3_ppron3:6;subst_pant:12;qub_bedzie:28;empty_num:6;qub_aglt:17;fin_interp:365;pant_praet:3;praet_aglt:30;burk_subst:1;adj_winien:1;prep_adv:21;ppron12_prep:30;adj_ppron3:45;num_imps:1;empty_praet:97;aglt_prep:13;prep_adj:541;fin_ppas:4;praet_siebie:27;interp_conj:692;aglt_ppron3:3;praet_comp:24;comp_subst:168;pant_ppron12:2;ppron3_pant:2;adjp_ppron12:1;praet_empty:1;qub_num:23;prep_burk:5;inf_bedzie:3;imps_fin:1;inf_pcon:1;comp_pcon:3;comp_qub:98;subst_qub:499;siebie_fin:10;adjp_ger:1;ger_fin:3;interp_pcon:83;adj_inf:42;burk_conj:1;siebie_adv:8;pred_num:1;siebie_adj:10;ger_subst:26;praet_qub:390;conj_burk:1;ppron3_adv:76;subst_ppron3:144;inf_praet:65;qub_ppas:23;num_ppas:1;pant_qub:13;comp_fin:22;prep_ppron12:46;conj_pant:11;pant_subst:13;pact_ppas:1;siebie_pcon:2;impt_siebie:1;adj_ger:5;pred_comp:2;fin_pcon:2;adv_pact:10;conj_pact:13;interp_inf:44;qub_imps:20;pant_inf:1;qub_impt:3;adj_imps:3;adj_impt:3;ppron3_num:7;subst_fin:246;ppron12_pred:4;ppas_qub:3;pcon_subst:35;interp_depr:1;qub_interp:142;ppron3_pact:1;adv_qub:214;comp_pant:2;adj_conj:178;ppron12_praet:11;aglt_praet:4;pcon_ppas:1;bedzie_praet:2;imps_inf:7;qub_winien:4;ppron3_interp:57;comp_comp:10;bedzie_subst:7;adja_interp:1;prep_comp:3;comp_impt:2;pcon_qub:54;praet_ppas:18;adv_inf:71;qub_siebie:10;pcon_ppron3:18;empty_subst:341;ppas_empty:1;siebie_praet:21;interp_pact:34;subst_bedzie:7;winien_aglt:1;bedzie_adj:1;numcol_subst:1;inf_adj:31;ppron3_imps:13;prep_adjp:22;interp_qub:247;num_prep:13;praet_adj:177;interp_ppron12:16;inf_conj:53;num_fin:4;ppron12_fin:32;winien_qub:2;praet_adv:193;conj_impt:2;pact_praet:1;num_conj:12;aglt_inf:2;qub_subst:298;depr_praet:1;adjp_interp:6;qub_praet:586;interj_interp:16;pant_conj:2;pcon_adv:10;aglt_conj:1;impt_prep:2;pcon_adj:11;adv_adjc:1;comp_conj:9;conj_siebie:5;conj_adj:279;ppron3_pcon:4;prep_qub:6;pant_ppas:1;siebie_ppron3:2;aglt_ppron12:3;depr_conj:1;empty_ger:3;praet_interp:781;adjp_praet:5;adj_prep:160;ppron12_interp:30;adj_num:10;adjc_conj:1;adj_pred:8;pcon_interp:42;adj_pant:3;pred_ppron3:7;depr_interp:3;subst_pact:29;impt_praet:1;adjc_interp:1;conj_fin:52;adj_fin:72;pact_prep:29;adv_pcon:12;adv_praet:231;fin_comp:8;empty_fin:44;adj_adv:86;num_qub:10;subst_prep:637;bedzie_ppron12:1;ppron3_praet:145;depr_prep:1;fin_qub:119;ppron3_comp:1;ppron12_num:1;adj_adj:171;burk_interp:1;ppron12_qub:25;siebie_conj:10;conj_qub:146;interp_bedzie:2;pcon_conj:8;pcon_fin:1;adv_aglt:1;pred_conj:4;ppron12_conj:8;subst_inf:204;empty_ppron3:11;qub_inf:102;empty_pcon:5;conj_conj:15;subst_burk:2;fin_inf:33;subst_praet:817;conj_ppron12:12;impt_conj:3;adv_comp:15;ppron12_ppron3:4;ppron3_prep:112;empty_adj:110;empty_adv:88;ppas_praet:27;comp_imps:1;ppron3_pred:4;adv_ppas:29;ger_siebie:1;imps_qub:13;ppron3_subst:210;interp_num:16;ppas_ppron3:4;brev_interp:8;pact_ppron3:2;ppas_fin:3;adv_ger:2;adv_interj:1;prep_num:35;imps_subst:8;adv_interp:288;inf_qub:150;ger_ger:1;inf_fin:18;praet_praet:10;interp_imps:23;interp_impt:33;ppron12_ppron12:2;praet_pcon:15;adj_siebie:12;inf_inf:4;adv_ppron3:54;pant_interp:8;interp_praet:384;winien_interp:5;prep_numcol:1;empty_interj:6;num_ppron12:2;inf_prep:95;comp_num:6;adjp_prep:3;inf_pred:3;empty_interp:145;adj_praet:205;interp_adj:470;num_subst:88;interp_empty:1274;empty_ppron12:6;burk_praet:1;empty_pant:8;inf_pact:2;conj_inf:89;conj_comp:35;subst_subst:983;ppron3_adj:57;imps_ppron12:1;impt_ppron3:4;qub_pact:9;pact_siebie:1;qub_ger:1;conj_ger:14;inf_winien:2;fin_ppron12:29;num_interp:25;interp_subst:653;qub_prep:327;adv_bedzie:7;pant_ppron3:2;qub_pred:23;bedzie_prep:2;subst_comp:24;empty_prep:141;ppron12_ppas:1;adj_interj:1;bedzie_pred:1;adj_interp:625;subst_num:41;ger_prep:13;empty_pred:15;interp_pred:18;pact_adj:7;imps_adj:2;empty_comp:29;ppron12_bedzie:4;fin_ppron3:24;prep_ppas:8;conj_pcon:25;adv_subst:220;interp_prep:307;pact_adv:8;imps_adv:11;inf_interp:196;ppron3_ger:6;adj_ppas:19;praet_ppron12:9;comp_ppas:5;siebie_prep:16;pcon_praet:5;inf_adv:41;ppron12_adj:12;interp_adjc:1;interp_adja:1;bedzie_adv:1;aglt_siebie:1;ger_qub:10;ppron12_adv:18;aglt_interp:7;subst_adjc:4;conj_imps:14;subst_winien:3;ppron12_comp:2;comp_adv:49;adv_empty:2;prep_ger:39;adv_imps:9;pcon_comp:6;num_adj:11;num_adv:9;burk_prep:4;comp_adj:69;pred_adv:6;subst_ppas:82;empty_qub:101;prep_siebie:64;adj_bedzie:1;subst_empty:13;interj_qub:1;conj_adv:204;pred_inf:14;siebie_qub:9;pred_siebie:1;adv_pant:6;pred_adj:12;aglt_comp:1;qub_depr:1;imps_ppron3:22;impt_adj:6;ppron3_fin:39;empty_pact:1;praet_inf:88;comp_ppron3:80;qub_qub:152;conj_ppas:20;num_inf:3;ger_ppron3:5;qub_pant:6";"prep_qub_inf:1;inf_adv_adj:2;ppas_qub_subst:1;pred_inf_praet:3;comp_comp_prep:1;interp_ppron12_conj:2;qub_prep_interp:2;adv_interj_interp:1;praet_ppron3_pact:1;aglt_qub_prep:1;adv_inf_qub:14;praet_ppron3_num:1;adv_inf_subst:8;qub_prep_ger:4;interp_ppron3_prep:4;qub_adv_siebie:1;inf_adv_adv:3;winien_adv_inf:1;qub_fin_subst:27;praet_ppron12_prep:2;adj_num_subst:5;comp_ppron12_fin:2;prep_adjp_ger:1;interp_ppron3_pred:1;fin_ppas_prep:2;subst_adj_burk:1;subst_adj_ppas:7;ppron3_prep_burk:1;empty_prep_adjp:1;interp_adj_inf:6;empty_conj_pcon:2;qub_aglt_ppron3:2;adv_qub_pant:1;pcon_siebie_subst:1;adj_ppas_conj:2;subst_interp_prep:178;inf_fin_subst:1;empty_adv_conj:2;adj_adj_num:1;interp_fin_subst:25;ppron3_ppron3_interp:1;praet_interp_ppas:1;ppas_interp_conj:10;subst_praet_ppron3:35;ppron3_interp_conj:8;subst_praet_inf:24;fin_ppron12_qub:10;qub_ppron3_pcon:1;pcon_conj_adj:2;comp_adv_praet:13;inf_qub_bedzie:3;qub_ger_adj:1;praet_adv_prep:26;interp_qub_adv:20;qub_praet_siebie:2;inf_imps_conj:1;qub_inf_conj:9;comp_qub_interp:1;inf_pred_conj:1;fin_qub_pcon:1;adv_interp_empty:53;interp_imps_interp:2;qub_pant_ppron3:1;qub_ppas_conj:1;praet_praet_ppas:1;ppron3_subst_qub:22;praet_ppron3_praet:1;qub_pact_prep:1;winien_qub_ppron3:1;ppas_interp_fin:1;interp_adv_ger:1;ppron12_subst_fin:7;fin_interp_subst:33;adj_adv_interp:11;pred_adv_adj:1;ppas_conj_prep:1;adj_num_interp:1;pred_interp_subst:3;conj_prep_ppron3:15;interj_interp_adv:1;qub_interp_praet:8;interp_subst_pant:2;pact_prep_subst:25;ppron12_conj_prep:1;subst_num_ppron12:1;adj_siebie_interp:1;comp_subst_siebie:1;adj_pact_prep:2;praet_comp_adj:1;imps_qub_prep:7;adj_interp_ppron3:2;interp_prep_adjp:2;comp_adv_qub:4;conj_subst_fin:21;pcon_ppron3_adv:1;comp_num_praet:3;fin_pred_prep:1;comp_praet_interp:3;subst_siebie_inf:4;fin_adj_ppas:1;adj_inf_qub:11;empty_qub_imps:2;subst_adj_siebie:2;empty_subst_pcon:3;empty_qub_impt:1;ppron3_fin_adv:1;praet_num_prep:2;conj_comp_qub:3;ppron3_fin_adj:3;pcon_praet_subst:1;pred_subst_qub:4;conj_depr_adj:1;ppron12_adv_qub:2;adj_fin_comp:1;pact_qub_adj:2;praet_interp_adj:30;empty_qub_comp:2;conj_adj_interp:62;subst_conj_num:6;ppron3_ppron12_adv:1;adj_praet_qub:28;praet_interp_adv:38;pact_qub_adv:3;ppron12_fin_qub:4;siebie_interp_pcon:3;fin_subst_ppas:1;pcon_ppron3_adj:2;praet_ppron3_interp:6;prep_ppron12_adv:3;imps_prep_adj:2;pred_interp_interp:2;num_prep_num:1;aglt_qub_subst:3;comp_adv_inf:2;inf_ppron3_interp:2;pred_ppron12_interp:1;inf_interp_comp:25;num_praet_interp:3;subst_ppron3_ppron12:1;aglt_comp_adj:1;conj_ppron12_subst:2;empty_comp_subst:7;subst_pcon_interp:10;conj_imps_prep:4;subst_praet_interp:210;qub_interp_comp:34;subst_inf_prep:12;conj_imps_qub:1;empty_adj_praet:5;pcon_praet_conj:1;adj_prep_siebie:7;ppas_praet_ppron3:2;adv_siebie_prep:2;conj_conj_adj:1;conj_conj_adv:3;empty_interj_interp:5;conj_inf_subst:14;adv_adj_siebie:1;adv_comp_praet:3;ppron3_pcon_interp:2;qub_interp_conj:10;siebie_adv_adj:1;interp_pcon_prep:18;adv_fin_inf:3;empty_num_subst:1;adv_ppron12_subst:3;inf_ppron12_qub:2;ppron12_subst_ppas:1;pcon_prep_subst:33;ppron3_qub_qub:5;winien_interp_comp:1;empty_interp_prep:6;conj_comp_inf:1;qub_subst_pred:3;interp_praet_ger:1;interp_comp_comp:10;adjp_prep_num:1;conj_inf_prep:9;conj_num_qub:2;subst_inf_fin:6;praet_interp_inf:4;impt_conj_qub:1;adv_adv_siebie:1;qub_subst_prep:26;pcon_inf_prep:2;imps_subst_prep:1;ppron3_ppron3_prep:1;empty_interp_adj:9;ppron12_inf_interp:3;fin_interp_comp:30;interp_qub_subst:32;comp_subst_prep:12;adv_praet_interp:55;qub_subst_subst:35;ppron3_subst_pact:1;interp_inf_winien:1;fin_pred_subst:2;subst_prep_num:9;ppas_interp_prep:7;prep_adv_prep:1;subst_fin_prep:21;adj_conj_subst:42;adj_conj_ppas:2;conj_subst_num:4;ppron12_adv_interp:5;qub_adj_praet:11;pcon_qub_comp:2;subst_qub_conj:3;subst_depr_interp:1;ger_qub_subst:1;ppron3_ger_adv:1;praet_ppron12_subst:1;subst_comp_adj:2;pant_ppron12_subst:1;qub_ppron3_conj:1;ppas_praet_conj:2;ppron12_ppron12_interp:1;adv_adv_prep:13;inf_inf_interp:3;subst_comp_adv:3;ppron3_ger_adj:1;adv_pcon_prep:2;siebie_interp_conj:4;interp_qub_pcon:22;qub_ppron3_imps:1;conj_num_prep:1;subst_ger_subst:2;conj_praet_num:1;qub_num_praet:1;ppron12_praet_ppas:1;adj_prep_subst:76;inf_praet_prep:6;adv_fin_prep:10;subst_siebie_praet:2;ppas_subst_subst:3;conj_num_adj:1;adj_interp_praet:43;adv_subst_prep:19;empty_inf_interp:2;subst_interp_ppas:21;interp_adj_pant:1;inf_praet_pred:2;empty_ppron12_conj:1;praet_adj_conj:16;pact_adj_subst:6;subst_praet_aglt:5;comp_qub_adv:9;adv_conj_subst:12;subst_conj_subst:310;siebie_interp_qub:2;impt_adv_interp:1;interp_num_prep:1;ppron12_interp_adv:3;prep_ppron12_pred:1;comp_prep_ppron12:2;ppron12_interp_adj:1;inf_subst_ppas:2;praet_adj_prep:9;adj_adj_interp:20;ppron3_num_qub:1;subst_conj_ppron3:9;fin_ppron3_praet:2;comp_qub_adj:7;conj_comp_num:2;fin_inf_adj:2;qub_fin_fin:1;qub_inf_praet:5;siebie_adv_prep:1;ppron3_subst_ger:1;empty_subst_interp:23;comp_adj_prep:5;bedzie_adv_interp:1;interj_interp_interp:2;interp_empty_empty:1274;interp_adv_aglt:1;conj_imps_ppron3:3;fin_inf_adv:2;adv_fin_interp:21;ger_adj_interp:1;qub_praet_interp:255;ppron3_ppron12_prep:1;inf_fin_conj:2;pact_siebie_adv:1;subst_adv_qub:43;subst_conj_pant:3;ppron3_adv_pant:1;qub_fin_num:3;comp_fin_ppron3:2;qub_siebie_conj:1;adv_pred_inf:1;adv_ppas_interp:9;empty_pred_interp:2;adv_fin_subst:5;adj_imps_inf:1;praet_conj_fin:2;siebie_adv_interp:1;prep_ppron12_fin:6;conj_imps_fin:1;interp_qub_ppron3:10;pact_ppas_ppron3:1;imps_ppron3_inf:4;empty_fin_conj:4;conj_interp_praet:2;ppron3_ppron3_subst:1;subst_adj_conj:77;aglt_interp_comp:3;empty_inf_prep:1;subst_inf_siebie:3;interp_ppron3_praet:5;interp_fin_prep:16;adj_comp_adj:1;pcon_adj_interp:2;praet_aglt_siebie:1;praet_ppron3_pcon:1;adv_pant_adj:1;conj_pant_qub:4;prep_siebie_qub:3;subst_prep_prep:5;interp_fin_pred:1;qub_inf_siebie:1;num_ppron3_fin:1;subst_adv_prep:27;num_qub_pcon:1;ppron3_subst_prep:16;praet_subst_pred:1;num_subst_fin:2;empty_prep_num:3;pcon_adv_prep:1;conj_pred_praet:1;ppas_inf_prep:1;ppron3_subst_fin:7;adjp_pact_interp:1;pred_interp_impt:1;subst_ger_interp:5;praet_subst_prep:58;interp_subst_ppron12:14;qub_pant_interp:1;interp_pcon_siebie:1;interp_impt_subst:7;conj_inf_bedzie:1;adj_qub_adv:6;ppron12_subst_qub:3;fin_comp_subst:2;ppron12_comp_prep:1;adjp_fin_interp:1;brev_interp_brev:3;pred_subst_conj:3;interp_ger_ppron3:1;empty_fin_adv:2;prep_qub_prep:1;conj_inf_fin:3;empty_praet_aglt:4;praet_pred_comp:1;inf_adv_conj:2;adj_qub_adj:15;qub_adj_qub:3;adj_pant_qub:1;ppron3_inf_conj:4;impt_subst_adj:1;pant_conj_subst:1;ppron3_subst_adv:6;empty_conj_inf:2;conj_qub_ppas:1;comp_praet_ger:1;conj_qub_inf:4;ppron3_subst_adj:22;subst_comp_praet:1;adv_imps_ppron3:1;winien_interp_conj:1;empty_adv_bedzie:1;inf_inf_subst:1;adv_comp_prep:1;ger_interp_praet:3;pred_inf_comp:1;num_adj_interp:2;inf_praet_conj:4;interp_interp_fin:5;adv_praet_prep:46;ger_inf_ppron3:1;ppron3_interp_qub:2;adj_inf_prep:5;adv_adv_praet:32;interp_pcon_qub:22;subst_inf_inf:2;ppron3_pred_subst:1;adv_praet_pred:1;adv_conj_inf:3;interp_interp_adj:4;impt_interp_praet:1;qub_qub_ppron3:3;adv_pact_qub:2;empty_inf_adv:2;interp_subst_pcon:2;empty_subst_pant:1;inf_qub_conj:4;fin_interp_inf:1;qub_num_conj:2;prep_num_inf:2;adv_qub_bedzie:14;praet_prep_num:3;qub_pred_interp:6;ppas_prep_subst:36;imps_qub_adv:1;pred_siebie_adj:1;qub_num_qub:1;siebie_interp_comp:9;fin_adv_conj:4;inf_adj_interp:3;fin_fin_ppron12:1;interp_pcon_inf:1;empty_fin_qub:8;adj_adv_subst:14;prep_adv_ppas:1;interp_conj_subst:197;adj_ger_ppron3:1;adj_subst_num:8;pcon_inf_adj:2;praet_prep_prep:3;interp_pcon_comp:4;ger_qub_adj:1;qub_adv_adj:14;qub_qub_comp:1;ppron3_qub_ppron3:1;adj_subst_comp:1;conj_prep_siebie:2;siebie_conj_subst:4;qub_ppron12_adv:1;ppas_prep_num:1;praet_pcon_conj:1;qub_impt_qub:2;adv_praet_conj:14;ger_qub_prep:2;subst_adv_pcon:3;prep_ppron3_bedzie:3;subst_ppron3_num:2;prep_num_conj:1;adv_siebie_fin:1;interp_qub_pant:2;ppas_interp_empty:11;comp_comp_ppron12:1;empty_pred_ppron3:2;adv_pant_ppron12:1;praet_conj_interp:2;comp_adv_fin:3;adj_subst_pact:5;qub_winien_interp:2;comp_ppron12_imps:1;siebie_prep_subst:13;imps_adv_subst:4;pant_qub_adj:1;inf_interp_pcon:3;fin_prep_ppas:1;siebie_ppron3_subst:2;winien_qub_subst:1;qub_comp_inf:1;bedzie_conj_fin:1;prep_qub_qub:1;comp_subst_qub:30;empty_ppron12_fin:3;conj_pred_qub:5;conj_pred_ppron12:1;subst_adj_pred:1;subst_adv_pact:2;qub_praet_ppas:2;qub_adv_comp:1;siebie_conj_prep:1;adj_adv_pcon:1;subst_adj_prep:36;adj_subst_conj:92;fin_interp_brev:1;conj_ppron3_fin:1;bedzie_interp_qub:1;fin_interp_ppron3:1;adj_prep_adj:48;empty_adj_conj:2;qub_ppron12_inf:2;interp_impt_siebie:1;fin_num_subst:3;qub_subst_interp:84;pact_subst_subst:2;ppron3_praet_ppas:3;subst_imps_siebie:1;empty_empty_brev:1;inf_interp_prep:6;fin_interp_adv:23;empty_empty_praet:97;subst_ppron3_conj:3;interp_subst_inf:12;num_subst_conj:4;inf_interp_pred:1;empty_adj_ppron3:3;interp_ppron3_adv:2;empty_fin_ppron12:7;siebie_inf_adj:1;praet_conj_conj:1;subst_comp_qub:1;fin_adj_num:1;pcon_inf_conj:1;interp_prep_prep:1;ppron12_pcon_subst:1;num_subst_prep:9;pcon_comp_subst:2;prep_interp_num:1;praet_conj_pant:2;ppron12_comp_qub:1;imps_qub_qub:2;interp_ppron3_adj:3;adj_ppron3_praet:14;empty_num_praet:1;prep_adjp_ppron3:1;pact_interp_adv:1;pcon_conj_subst:1;empty_empty_prep:141;praet_praet_conj:1;adv_comp_aglt:1;pact_interp_adj:2;inf_interp_inf:8;interp_conj_ppas:2;adv_qub_ppron3:3;pred_interp_qub:1;empty_empty_pred:15;conj_ppron3_interp:1;qub_ppas_subst:2;interp_praet_pred:2;conj_pant_prep:1;subst_qub_ppron12:1;ppron3_qub_conj:1;subst_qub_inf:18;adv_adj_fin:4;subst_inf_imps:6;comp_inf_conj:1;prep_subst_interp:690;prep_ger_subst:14;adv_adjc_praet:1;ppron3_pcon_subst:1;interp_adv_subst:45;num_qub_adj:1;empty_adj_adj:9;empty_comp_prep:1;conj_qub_adj:11;empty_interp_comp:7;empty_interp_praet:3;imps_prep_subst:17;imps_adv_adv:1;qub_adj_conj:9;empty_comp_pred:3;qub_fin_interp:98;empty_praet_interp:3;ppron3_ger_subst:2;interp_bedzie_inf:1;empty_adj_adv:2;qub_adv_imps:2;num_praet_adv:1;num_prep_siebie:1;empty_conj_adj:7;fin_inf_qub:3;adj_praet_ppas:2;adv_inf_adv:1;ppron3_subst_inf:9;interp_pcon_interp:8;interp_qub_aglt:2;interp_adj_pact:1;qub_ppron3_inf:6;inf_conj_ppas:1;adv_num_prep:1;conj_subst_pact:4;interp_comp_impt:2;qub_praet_ppron3:15;interp_conj_adj:75;interj_subst_interp:1;qub_interp_adj:4;qub_interp_empty:29;prep_adj_interp:25;adj_adj_comp:2;fin_subst_interp:54;empty_ppas_pred:1;interp_subst_siebie:2;adv_adv_fin:7;qub_pcon_conj:1;impt_interp_adv:1;ppron3_interp_imps:1;qub_praet_qub:43;ger_interp_conj:5;praet_ger_subst:3;ppron12_adj_prep:1;interp_fin_ppron12:7;subst_interp_ppron12:3;prep_adj_praet:32;interp_comp_inf:10;interp_ppron12_pred:1;inf_ppron3_adv:1;conj_pact_ppas:1;comp_conj_subst:4;praet_ppron12_conj:1;num_prep_ppron3:2;ppron12_prep_adj:8;pcon_siebie_adv:1;adv_conj_imps:2;pcon_adv_adj:3;siebie_inf_subst:3;inf_prep_adj:11;pact_interp_pact:1;ppron3_inf_prep:9;impt_ppron3_conj:1;ppron3_num_subst:2;siebie_praet_interp:6;aglt_ppron12_praet:1;inf_conj_adv:3;praet_qub_comp:4;comp_siebie_qub:1;subst_interp_interj:2;ppron3_siebie_praet:2;empty_empty_ppron12:6;pcon_adv_adv:1;fin_prep_siebie:2;inf_prep_adv:2;adj_subst_inf:34;qub_pred_praet:2;ppron12_conj_adj:1;impt_ppron3_qub:1;adv_qub_qub:13;inf_conj_impt:1;adv_praet_ppron12:1;pact_inf_prep:1;siebie_adj_subst:4;adv_ppas_praet:1;prep_ger_ppron3:1;ppas_ppron3_qub:1;conj_comp_ppron12:1;comp_pcon_praet:1;pant_interp_adj:2;ppron3_qub_adv:9;qub_aglt_subst:2;siebie_interp_empty:11;aglt_qub_ppron3:1;adjp_prep_subst:1;conj_qub_imps:2;pact_adv_conj:1;ppron3_qub_adj:5;qub_prep_burk:1;pact_ppron12_adv:1;prep_subst_fin:41;pred_praet_siebie:1;inf_adv_interp:17;praet_qub_inf:28;pcon_qub_aglt:1;qub_subst_praet:30;interp_conj_qub:80;depr_adj_adv:1;prep_ppron3_qub:19;prep_ger_interp:7;subst_pcon_conj:1;adv_comp_subst:3;qub_imps_adv:2;subst_inf_pred:1;prep_ppron12_adj:1;conj_conj_praet:2;interj_interp_empty:12;conj_interp_impt:1;praet_prep_ppas:1;empty_adv_imps:3;adv_siebie_praet:1;qub_interp_qub:12;empty_imps_adv:4;interp_adv_siebie:2;interp_adv_fin:12;interp_comp_ppas:3;adj_inf_interp:5;adv_pcon_qub:6;conj_adv_ppron12:3;prep_prep_subst:8;conj_qub_fin:16;ppron12_subst_praet:4;fin_siebie_prep:2;empty_empty_ppron3:11;prep_subst_ger:5;ppas_ger_interp:1;conj_pcon_subst:2;adv_interp_inf:3;qub_ppron12_subst:3;conj_adj_qub:9;ppron12_praet_prep:2;prep_subst_num:14;ppas_praet_adv:3;fin_subst_prep:21;interp_conj_pant:3;conj_qub_praet:42;qub_siebie_subst:4;interp_pred_subst:3;subst_ppas_qub:2;interp_comp_ppron12:9;num_interp_comp:3;ppron3_interp_empty:14;fin_interp_interp:18;adj_adj_inf:1;aglt_inf_siebie:1;praet_pcon_qub:6;prep_siebie_inf:2;adv_praet_adv:14;siebie_subst_conj:2;interp_num_ppas:1;ppron3_qub_inf:6;conj_pact_inf:1;praet_pred_subst:5;conj_praet_praet:1;adv_praet_adj:16;empty_conj_conj:2;pant_qub_interp:2;conj_interp_fin:1;adj_subst_bedzie:1;pred_interp_prep:1;aglt_prep_ppron3:2;adj_prep_adjp:2;empty_praet_ppron3:13;subst_inf_ppron3:5;pant_conj_adv:1;imps_interp_comp:4;qub_subst_qub:18;num_fin_adj:1;comp_adj_ppron3:1;subst_interp_depr:1;conj_qub_impt:1;empty_inf_fin:1;empty_conj_ppron3:3;adv_num_adv:1;ppron12_pred_interp:2;pact_subst_prep:4;praet_subst_num:2;subst_qub_imps:4;fin_pred_adj:1;inf_siebie_adv:1;subst_adj_empty:1;empty_subst_subst:53;inf_adv_prep:1;comp_conj_praet:1;interp_interp_prep:5;subst_adv_adv:19;adv_adv_conj:8;inf_bedzie_interp:1;pcon_conj_praet:1;qub_fin_adv:7;qub_fin_adj:11;subst_imps_conj:1;conj_fin_interp:17;subst_adv_adj:30;adv_aglt_ppron12:1;pcon_comp_pred:1;fin_prep_adv:1;fin_qub_prep:24;bedzie_conj_adv:1;ger_subst_qub:4;praet_adv_ppron12:1;ppron3_interp_comp:5;siebie_qub_subst:1;siebie_interp_subst:4;adv_pred_interp:4;qub_ppron3_prep:4;prep_qub_adv:1;fin_prep_num:2;pcon_inf_qub:1;inf_pcon_siebie:1;conj_inf_praet:4;impt_ppron12_interp:1;comp_ppron3_num:1;praet_subst_conj:42;subst_ppron3_imps:3;pred_subst_praet:2;comp_fin_interp:6;pred_ppron3_adv:2;ppron3_adj_conj:4;pred_ppron3_adj:1;adj_fin_ppron3:4;adj_burk_prep:1;pred_qub_inf:1;interp_fin_conj:4;subst_winien_praet:2;pant_interp_praet:2;adv_conj_num:1;qub_conj_ppron12:2;prep_siebie_interp:30;siebie_inf_qub:1;inf_interp_pant:1;prep_brev_interp:1;subst_pred_adv:1;adjp_prep_ppron3:1;adj_ger_prep:1;subst_pred_adj:1;comp_ppas_praet:1;empty_adv_inf:1;interp_ppron3_ppron3:1;prep_siebie_prep:4;comp_comp_ppron3:2;fin_ppron3_interp:2;fin_qub_adv:9;adj_interp_ppas:10;prep_siebie_ppron3:1;pred_interp_adj:1;qub_inf_ppron3:1;conj_adv_inf:7;pred_interp_adv:3;adj_subst_siebie:1;fin_qub_adj:10;empty_qub_fin:10;ppron12_adv_praet:3;ppas_empty_empty:1;subst_burk_prep:2;subst_adv_inf:8;adv_prep_ppron3:18;subst_ppron12_comp:1;pact_praet_adj:1;adv_ppron3_qub:5;interp_num_adv:2;ppron3_adj_fin:2;qub_winien_praet:1;pact_qub_prep:6;conj_ppron3_prep:3;ger_ppron3_qub:1;conj_subst_subst:91;conj_qub_qub:4;interp_ppas_prep:11;empty_conj_subst:22;conj_qub_pact:1;empty_qub_conj:4;conj_subst_pant:3;qub_ppron3_subst:17;pant_adv_subst:1;empty_subst_adj:63;ppron12_bedzie_adv:1;empty_qub_pred:2;adv_inf_pred:1;ppron3_adj_pcon:1;empty_qub_praet:17;pcon_qub_interp:3;ppron3_adv_fin:2;ppron3_pred_praet:2;ppron3_subst_praet:33;empty_qub_prep:10;adj_conj_imps:2;praet_prep_subst:304;adj_ger_interp:2;empty_subst_adv:18;qub_qub_imps:2;adv_comp_conj:1;conj_inf_ppron3:6;empty_ppron3_adj:4;adjc_interp_subst:1;brev_interp_empty:2;ppron3_inf_subst:7;interj_interp_fin:1;conj_adv_praet:31;conj_praet_ppron12:1;pcon_interp_praet:1;conj_adj_adj:14;ppas_subst_prep:6;inf_praet_winien:1;adv_inf_adj:1;empty_adj_impt:1;qub_adj_depr:2;siebie_qub_praet:4;ppron3_ppas_subst:1;subst_adv_conj:6;comp_qub_ppron12:1;fin_adv_subst:7;praet_inf_adj:9;ppas_adv_prep:1;inf_interp_praet:6;ppron12_inf_adv:2;pred_prep_subst:5;num_adj_praet:1;praet_inf_adv:7;subst_adj_ppron3:5;prep_ppron12_prep:3;interp_conj_depr:1;interp_qub_ppron12:4;adj_conj_num:2;subst_conj_praet:73;interp_comp_pred:4;qub_interp_fin:6;ppron12_subst_conj:5;empty_interp_qub:20;qub_subst_bedzie:1;subst_bedzie_ppron3:1;pact_prep_ppron3:1;adj_ppron3_pcon:1;impt_conj_adj:2;qub_pcon_inf:3;ppron3_fin_inf:1;interp_adv_bedzie:1;interp_comp_prep:63;qub_interp_interp:4;qub_subst_adv:8;comp_pcon_prep:2;siebie_fin_subst:2;ppron12_praet_interp:5;interp_conj_fin:15;conj_imps_interp:1;pred_fin_interp:1;siebie_conj_interp:1;adj_prep_qub:1;pred_subst_adj:4;subst_subst_ppas:14;siebie_inf_interp:7;empty_subst_adjc:1;adjp_inf_subst:1;interp_praet_ppron3:21;prep_adj_subst:368;adj_subst_subst:178;praet_conj_ppron3:1;interp_ppas_adj:3;siebie_subst_prep:3;qub_praet_conj:38;pant_praet_siebie:1;inf_subst_adj:12;interp_ppas_adv:4;praet_prep_adv:4;comp_interp_impt:1;prep_num_praet:2;empty_interp_impt:5;num_adj_subst:7;praet_winien_interp:1;empty_impt_adv:1;praet_subst_pcon:9;empty_impt_adj:1;ppron12_fin_subst:3;empty_fin_interp:5;pred_ppron12_comp:1;ppron12_bedzie_interp:3;qub_qub_pcon:3;pant_qub_praet:1;prep_ger_fin:2;pcon_praet_ppron3:1;ppron3_qub_bedzie:1;conj_comp_ppron3:3;empty_comp_aglt:1;numcol_subst_conj:1;fin_ppron3_siebie:1;comp_prep_subst:48;num_adv_interp:1;impt_interp_qub:1;conj_num_ppron3:2;inf_conj_subst:7;qub_aglt_inf:1;inf_interp_conj:30;adj_empty_empty:1;ppron3_ppron3_praet:2;qub_inf_pcon:1;adv_conj_ppas:1;ppas_adv_interp:3;pant_adv_inf:1;prep_subst_ppas:23;adj_imps_interp:1;pred_interp_empty:4;interp_comp_interp:6;subst_inf_adj:4;interp_qub_praet:34;ppron3_adj_interp:5;adv_qub_aglt:2;prep_num_adj:3;adj_qub_ppron3:4;interp_interp_subst:7;interp_pred_inf:3;adj_subst_ppron3:7;adj_adj_prep:7;comp_adjc_qub:1;inf_imps_interp:6;interp_adv_ppron12:7;subst_praet_subst:103;comp_ppron12_prep:1;qub_siebie_fin:1;adv_pact_prep:5;praet_conj_prep:18;interp_impt_qub:3;pant_qub_qub:1;qub_num_adv:1;ppron12_qub_imps:1;ppron12_siebie_praet:1;qub_adv_inf:11;empty_interp_ppron12:4;qub_num_adj:1;prep_ger_ger:1;ppron3_praet_num:1;fin_num_interp:1;pred_inf_qub:1;interp_adv_ppron3:22;subst_pact_inf:1;praet_prep_ger:6;empty_adj_subst:63;ppas_interp_interp:1;prep_adj_adv:7;prep_adj_adj:31;adv_ppron12_qub:1;inf_conj_prep:7;empty_conj_comp:6;qub_num_subst:9;comp_inf_qub:4;adj_adv_fin:6;adj_fin_adv:3;inf_qub_adv:7;conj_pant_interp:1;interp_conj_pcon:7;imps_prep_ppron3:2;num_conj_prep:1;adj_qub_comp:1;inf_qub_adj:4;pant_adv_prep:1;pant_ger_interp:1;adv_prep_interp:1;interp_pcon_ppron3:9;pact_qub_subst:2;ppas_interp_inf:1;conj_ppron12_praet:1;adv_num_fin:1;interp_pred_prep:2;interp_conj_siebie:2;siebie_qub_adj:1;praet_comp_praet:3;subst_prep_fin:1;siebie_adv_praet:1;ger_subst_subst:3;praet_interp_num:3;empty_subst_pred:7;fin_comp_praet:1;subst_adj_pant:1;empty_interp_subst:39;pcon_subst_adv:1;qub_conj_ppas:1;qub_ppron3_ppron12:1;empty_subst_prep:8;pcon_ppron3_prep:7;adv_interp_fin:9;empty_interp_adv:11;qub_qub_subst:10;adv_interp_interp:8;interp_ppron12_siebie:1;ppron12_subst_interp:10;pcon_interp_adv:2;subst_pred_praet:6;qub_aglt_prep:1;impt_subst_qub:1;qub_qub_interp:7;interp_adv_praet:32;ppas_subst_adj:3;fin_subst_inf:2;ppas_adv_subst:2;subst_pred_ppron3:1;fin_interp_ppron12:3;ppron12_adj_adj:1;qub_prep_pact:1;comp_subst_ger:1;praet_aglt_adv:2;subst_ppron3_interp:4;ppron3_praet_comp:1;qub_pant_comp:1;interp_fin_comp:1;inf_qub_qub:12;ppas_qub_fin:1;praet_comp_prep:7;interp_adv_adj:35;comp_inf_subst:2;aglt_ppron3_inf:1;aglt_praet_interp:3;prep_adjp_subst:1;adv_adv_bedzie:1;qub_subst_inf:6;interj_subst_bedzie:1;conj_subst_inf:17;subst_pact_praet:1;praet_comp_pred:1;interp_adv_adv:36;qub_pred_ppron3:2;inf_interp_subst:17;subst_prep_pact:1;subst_praet_ppron12:4;siebie_adv_conj:3;ppas_fin_subst:2;praet_ppas_conj:3;imps_subst_adv:1;empty_empty_adv:88;winien_praet_inf:2;inf_praet_inf:1;pant_qub_conj:1;prep_ppron12_qub:4;inf_ppron3_qub:1;adv_interp_impt:1;subst_ppas_adj:4;conj_ppron3_adv:1;conj_qub_interp:5;adj_fin_interp:17;adv_conj_conj:1;imps_interp_prep:3;burk_prep_subst:3;fin_adj_conj:4;imps_inf_adj:1;pcon_interp_fin:2;qub_winien_adv:1;pact_adj_prep:1;interp_prep_interp:1;num_subst_depr:1;interp_qub_impt:1;praet_ppron3_comp:1;empty_fin_comp:1;inf_adj_subst:23;subst_subst_imps:5;subst_qub_pant:1;conj_comp_subst:11;fin_num_adj:1;adj_qub_qub:8;inf_subst_conj:19;ppron12_qub_adj:1;qub_fin_ppron3:3;ppron12_qub_adv:2;inf_prep_ppron3:5;pred_ppron12_ppron12:1;qub_ppron3_qub:6;num_prep_ger:2;prep_ger_conj:1;praet_adj_subst:78;ppron12_adv_inf:1;aglt_adj_subst:1;subst_ppas_interp:27;conj_subst_siebie:1;praet_qub_ppron12:1;comp_fin_inf:2;prep_depr_interp:1;ppron12_prep_subst:14;adv_qub_comp:1;subst_fin_ppron12:6;prep_subst_praet:155;interp_praet_ppas:1;conj_subst_pcon:5;subst_inf_qub:52;inf_fin_interp:10;imps_ppron3_conj:1;interp_interp_comp:6;qub_praet_adv:29;qub_prep_siebie:11;comp_ppron3_imps:4;empty_adv_prep:8;interp_interj_qub:1;adj_conj_conj:2;empty_brev_interp:1;inf_ppron3_fin:1;conj_burk_prep:1;praet_adv_pact:1;prep_subst_ppron3:28;qub_praet_adj:37;empty_adv_pred:1;pcon_adj_subst:9;interp_pcon_adv:6;aglt_adv_conj:2;praet_interp_ppron3:3;bedzie_interp_empty:23;num_conj_adj:3;ger_ger_prep:1;interp_pcon_adj:3;adv_subst_ppron3:3;pact_subst_conj:6;ger_fin_ppas:1;subst_pcon_subst:6;subst_praet_pcon:2;qub_comp_subst:2;fin_interp_qub:21;praet_adv_adv:14;adv_adj_conj:17;conj_pcon_praet:1;ppron3_ppron12_conj:1;prep_adjp_praet:5;adv_ppron12_adj:1;adv_comp_fin:1;qub_bedzie_adj:1;praet_adv_adj:21;fin_conj_siebie:1;conj_qub_ppron12:1;ger_interp_adv:1;subst_adj_num:3;impt_qub_subst:1;subst_ppas_subst:14;impt_prep_subst:2;prep_comp_imps:1;fin_ppron3_num:1;pcon_qub_inf:1;conj_ppron3_praet:5;qub_pred_qub:2;praet_num_conj:2;pant_comp_subst:1;adj_fin_qub:10;subst_fin_inf:9;praet_qub_siebie:3;conj_ppas_inf:1;inf_praet_comp:1;qub_conj_inf:5;praet_conj_comp:1;ppas_pred_subst:1;ppron3_ppas_interp:1;empty_imps_interp:1;interp_comp_num:4;subst_imps_adv:2;empty_empty_pcon:5;adv_siebie_ppron3:1;fin_ppron3_fin:1;num_interp_adj:3;pcon_interp_prep:3;interp_subst_winien:1;interp_subst_fin:28;interp_qub_pred:7;adv_pact_subst:1;empty_praet_qub:29;adv_qub_pcon:2;subst_qub_subst:26;ger_siebie_conj:1;num_interp_adv:2;pred_num_subst:1;adv_pcon_subst:1;prep_prep_adj:3;interp_adj_interp:35;adv_adv_inf:10;praet_adj_interp:53;adv_ppron12_interp:1;empty_interp_pred:3;subst_subst_adj:81;siebie_adj_inf:1;subst_subst_adv:25;praet_praet_interp:4;adv_imps_prep:3;praet_interp_pcon:15;imps_subst_interp:5;ppron12_interp_subst:3;subst_conj_brev:2;prep_prep_adv:1;praet_conj_adv:10;interp_prep_comp:2;empty_conj_qub:9;subst_conj_inf:15;interp_comp_pcon:3;inf_qub_ppron3:5;comp_subst_adv:9;siebie_subst_interp:9;empty_adj_ppas:1;pant_comp_prep:1;pred_adv_qub:1;adv_imps_inf:2;comp_subst_adj:18;adv_prep_adj:33;ppas_prep_siebie:1;praet_prep_brev:1;adj_conj_inf:1;adj_adj_subst:114;prep_ppron3_pant:1;prep_comp_qub:1;conj_ger_fin:1;ppron12_adj_fin:1;qub_pred_adv:1;qub_pred_adj:2;inf_qub_ger:1;comp_adv_subst:8;comp_impt_adv:1;num_prep_subst:6;praet_interp_praet:62;conj_subst_ppron12:7;praet_aglt_comp:1;interp_qub_winien:1;comp_pred_fin:1;praet_inf_conj:5;pcon_interp_pcon:4;interp_fin_inf:2;subst_ppas_inf:3;empty_fin_pred:4;bedzie_praet_prep:1;interp_subst_adjc:2;ppron3_adv_qub:7;subst_ppron12_qub:5;empty_ppron12_interp:1;interp_comp_fin:14;empty_fin_prep:2;comp_qub_qub:6;conj_imps_inf:1;interp_conj_ger:3;subst_conj_ppron12:1;conj_praet_interp:53;ppron3_conj_subst:7;pred_adj_subst:6;comp_comp_subst:2;prep_interp_adv:2;impt_qub_bedzie:1;interp_ppron3_subst:1;subst_fin_conj:18;prep_ppron3_conj:12;comp_num_prep:1;pant_subst_subst:4;adv_imps_interp:1;interp_subst_subst:72;interp_pred_qub:1;adj_conj_praet:17;qub_adv_qub:17;num_qub_adv:1;qub_num_fin:1;qub_comp_praet:1;comp_ppron3_ppron3:1;conj_pant_subst:3;subst_num_fin:1;adv_imps_qub:2;praet_num_interp:5;empty_comp_adj:1;praet_subst_ppron12:1;empty_ppas_conj:1;qub_qub_qub:7;inf_adj_adv:1;inf_comp_adv:1;empty_fin_subst:7;adv_pred_subst:2;ppron12_inf_impt:1;inf_adj_adj:2;inf_comp_adj:1;pcon_interp_interp:1;imps_subst_qub:1;aglt_subst_interp:3;prep_adj_fin:9;empty_comp_adv:5;subst_qub_fin:65;ppas_adv_conj:1;qub_imps_qub:2;qub_inf_adj:4;qub_adv_prep:23;adv_ppron3_adv:5;adv_adv_num:1;adv_ppron3_adj:2;pred_ppron3_praet:1;ppron3_conj_inf:1;qub_adv_pred:2;siebie_fin_interp:6;conj_subst_imps:4;adj_conj_pact:2;fin_adv_num:1;adv_inf_ppron3:1;ppron3_interp_ppron12:1;conj_subst_impt:2;siebie_praet_qub:1;adv_ppron3_num:1;fin_ppron12_adj:1;adj_num_qub:1;praet_prep_adj:49;comp_adj_inf:1;fin_subst_subst:13;pant_ppron3_subst:1;adj_pact_subst:1;adv_fin_qub:3;ppron3_fin_subst:3;inf_ppron3_praet:4;conj_conj_inf:1;praet_praet_ppron3:1;pcon_interp_adj:1;fin_ppas_interp:2;comp_subst_subst:17;winien_interp_empty:3;interp_adj_ppas:4;empty_ppron3_ppron3:1;adj_depr_interp:1;adv_ppron3_praet:12;inf_adv_subst:5;inf_ppron3_subst:2;subst_praet_num:8;ppas_praet_subst:3;subst_ppron12_siebie:3;adj_adj_impt:1;subst_ppas_prep:12;subst_subst_empty:3;fin_conj_ppas:1;subst_praet_ppas:5;aglt_inf_interp:1;depr_adj_interp:1;subst_imps_qub:2;qub_qub_prep:17;empty_fin_siebie:1;ppron12_ppron3_num:1;adj_praet_pcon:1;subst_ppas_ppron3:1;adv_pant_qub:1;pcon_adv_ppas:1;ppron12_prep_siebie:1;subst_interp_pact:27;empty_pred_fin:1;adj_interp_fin:17;qub_qub_pred:1;empty_ppas_qub:1;num_ppas_subst:1;comp_interp_subst:3;ppron3_interp_adv:6;conj_adv_fin:4;empty_empty_conj:104;empty_praet_adv:5;interp_qub_qub:21;aglt_prep_adj:2;conj_prep_comp:1;empty_praet_adj:3;comp_ppron3_praet:6;empty_empty_inf:9;praet_interp_fin:5;praet_ppron3_conj:2;ppron3_interp_adj:4;qub_pant_prep:2;empty_subst_inf:3;conj_ppron12_adv:1;subst_subst_qub:60;interp_praet_pant:1;conj_pred_adj:1;num_interp_qub:1;qub_prep_ppron12:3;subst_qub_siebie:3;qub_bedzie_ppron12:1;ppron3_praet_qub:6;subst_pact_prep:7;conj_adj_adv:4;interp_subst_pact:3;comp_aglt_qub:3;qub_conj_fin:3;siebie_qub_prep:1;ppron3_prep_adjp:2;conj_interp_comp:4;ppas_fin_interp:1;interp_praet_comp:7;fin_adv_interp:9;subst_pant_interp:4;pred_prep_ppron3:2;conj_praet_inf:8;subst_imps_prep:5;praet_qub_num:5;subst_prep_numcol:1;qub_aglt_ppron12:1;adv_adv_comp:1;adj_comp_qub:3;prep_adv_subst:1;inf_ppron12_fin:3;qub_pcon_adv:1;praet_comp_fin:1;num_praet_prep:6;fin_adv_fin:1;subst_adj_pcon:1;adj_subst_pcon:7;comp_adv_ppron3:3;ppas_conj_adj:2;ppron3_adv_adj:3;adjp_praet_qub:1;ppron3_adv_adv:8;adj_interp_pact:5;praet_subst_praet:3;ppron3_inf_interp:16;qub_pcon_adj:3;interp_interp_conj:3;empty_num_conj:1;subst_comp_siebie:1;interp_fin_adj:13;ppron3_praet_adv:8;ppas_conj_adv:3;pred_ppron3_ger:1;interp_fin_adv:11;ppron3_praet_adj:8;empty_interp_interj:9;interp_prep_ppron3:6;empty_imps_ppron3:4;subst_adjc_interp:1;conj_imps_ppron12:1;qub_bedzie_conj:3;pact_subst_adv:1;pact_subst_adj:4;subst_pant_subst:4;empty_adv_qub:20;adj_ppron12_prep:4;pcon_conj_inf:1;comp_interp_qub:1;subst_conj_pact:5;praet_pant_inf:1;comp_conj_adj:1;inf_prep_subst:67;ppron3_adv_pact:1;comp_praet_ppron3:1;inf_prep_ppron12:1;empty_empty_impt:5;conj_adj_conj:7;empty_empty_imps:12;interp_pact_inf:2;qub_adv_pcon:1;comp_aglt_conj:1;subst_adj_ppron12:1;adv_qub_praet:63;fin_inf_praet:1;adj_pant_ppron3:1;subst_pact_interp:6;empty_empty_pant:8;ppron3_subst_imps:1;ger_adj_praet:1;prep_subst_pact:8;inf_fin_prep:3;comp_praet_inf:2;imps_interp_conj:4;empty_pant_qub:1;fin_subst_num:1;interp_ppron12_inf:1;conj_qub_depr:1;ppas_conj_subst:3;adj_praet_prep:33;conj_prep_adj:39;conj_pcon_ppas:1;conj_prep_adv:2;subst_subst_interp:336;subst_adv_num:2;siebie_conj_praet:2;pcon_subst_adj:2;qub_fin_qub:17;conj_comp_praet:2;conj_adv_ppron3:7;prep_subst_pcon:10;subst_qub_pact:1;prep_qub_praet:1;adv_interp_prep:19;num_imps_conj:1;interp_adj_qub:52;adj_pred_praet:6;conj_praet_subst:26;pred_praet_inf:8;pred_inf_subst:2;ppron3_inf_adj:1;praet_qub_fin:1;impt_qub_interp:3;adj_subst_ger:5;interp_adj_pcon:1;ppron3_pred_interp:1;praet_qub_ppas:9;fin_conj_subst:15;pact_interp_empty:3;ppron12_interp_praet:2;siebie_adj_interp:2;interp_ppron12_ppron3:2;ppron3_inf_adv:4;comp_qub_praet:23;fin_qub_qub:6;qub_imps_ppron3:4;comp_inf_ppron3:1;adv_ppas_conj:3;praet_adv_siebie:1;interp_ppron12_qub:1;qub_adj_imps:1;inf_subst_fin:1;empty_empty_num:6;subst_adv_subst:21;adv_ger_interp:1;interp_qub_interp:9;adjc_praet_prep:1;empty_pant_adj:1;inf_adv_ppas:1;qub_pcon_subst:10;adv_praet_qub:26;ppas_inf_qub:2;adj_prep_prep:1;qub_interp_inf:2;empty_pant_adv:1;siebie_subst_subst:2;conj_pcon_adv:3;bedzie_inf_conj:1;ppron12_fin_inf:1;fin_prep_subst:72;adv_qub_adj:12;fin_adv_siebie:1;qub_adj_ppron12:1;impt_interp_subst:2;fin_interp_praet:15;subst_winien_qub:1;empty_impt_interp:1;subst_adv_interp:36;adj_conj_prep:9;ger_prep_siebie:1;ppron3_adv_praet:9;ppron3_prep_ger:2;adv_qub_adv:21;interp_subst_conj:47;imps_conj_subst:1;pred_interp_inf:1;siebie_interp_fin:1;praet_adv_qub:6;qub_praet_comp:3;inf_subst_ger:2;ppron3_pcon_praet:1;comp_conj_prep:2;subst_pact_adv:1;interp_pcon_num:1;fin_adj_interp:16;ppron3_qub_num:1;inf_subst_num:1;ger_prep_subst:10;qub_adj_subst:70;comp_prep_adj:20;ger_subst_conj:4;ppron3_adv_interp:12;brev_interp_qub:1;imps_inf_subst:4;qub_adv_pant:1;subst_praet_adj:52;pant_ppron3_prep:1;subst_praet_adv:59;empty_adv_pact:1;conj_subst_adj:81;num_interp_praet:2;ppas_conj_qub:1;empty_ppas_fin:1;subst_inf_pact:1;adv_num_interp:1;conj_fin_num:1;subst_conj_fin:12;inf_conj_adj:1;conj_adj_siebie:1;qub_pcon_qub:11;subst_ppron3_siebie:1;qub_ppron3_interp:6;conj_subst_adv:27;adv_adj_prep:12;qub_interp_ppron12:2;adj_inf_siebie:1;adj_subst_pant:2;pcon_subst_interp:11;praet_aglt_interp:5;conj_praet_siebie:3;interp_conj_ppron12:6;comp_fin_subst:2;adv_empty_empty:2;subst_ppron12_subst:3;pcon_subst_conj:6;subst_interp_pant:8;ppron3_imps_prep:3;comp_adj_pant:1;subst_subst_winien:1;subst_comp_subst:8;interp_subst_pred:2;adj_pcon_interp:4;interp_num_fin:1;adv_inf_fin:2;ppron3_fin_comp:1;conj_pcon_qub:1;interp_subst_prep:41;adv_subst_conj:15;comp_qub_ppron3:8;pant_prep_subst:9;praet_pcon_adj:2;subst_pact_qub:4;depr_interp_interj:1;prep_burk_subst:1;empty_adv_interp:4;pcon_prep_qub:1;num_conj_qub:3;subst_adv_comp:1;interp_ppas_praet:4;pcon_prep_siebie:6;pred_subst_subst:5;subst_fin_ppron3:5;interp_adj_ppron12:7;praet_ppas_subst:1;comp_qub_winien:1;interp_ppas_interp:7;interp_comp_adj:53;conj_ppas_praet:1;comp_inf_adv:1;pcon_qub_prep:18;prep_adjp_pact:1;subst_qub_winien:1;inf_qub_interp:8;conj_pact_subst:3;subst_empty_empty:13;prep_adj_ppas:2;interp_comp_adv:37;fin_adj_subst:27;adjp_qub_praet:1;praet_pred_qub:2;prep_adj_num:1;qub_ppas_interp:6;inf_bedzie_subst:1;ger_adv_subst:1;ppron3_inf_inf:1;empty_adv_pcon:1;pcon_subst_subst:4;praet_prep_ppron12:2;pcon_prep_adj:4;burk_interp_conj:1;interp_adv_pant:3;adv_adv_interp:34;interp_interp_impt:1;inf_conj_pant:1;fin_pcon_subst:1;pcon_interp_subst:2;subst_qub_aglt:1;conj_ppas_empty:1;conj_brev_interp:2;conj_ppron12_prep:1;praet_empty_empty:1;qub_subst_adj:31;fin_inf_prep:6;praet_inf_interp:21;praet_praet_prep:1;ppron12_fin_prep:8;adv_adv_interj:1;qub_prep_adj:37;aglt_ppron3_praet:1;impt_subst_prep:1;adv_fin_conj:3;subst_qub_num:3;conj_interp_conj:1;comp_interp_fin:1;qub_ppron12_interp:2;interp_praet_conj:22;impt_ppron3_adv:1;qub_comp_prep:2;praet_adj_qub:3;imps_adv_prep:2;adj_praet_inf:6;conj_pcon_ppron3:2;fin_ger_interp:1;interp_conj_conj:3;imps_fin_subst:1;qub_bedzie_interp:22;interp_pant_qub:4;prep_num_qub:2;interp_inf_adv:2;siebie_subst_adj:4;ppron3_adv_subst:10;qub_praet_ppron12:1;interp_inf_adj:3;pact_adv_prep:4;qub_praet_praet:3;conj_ger_prep:4;prep_ger_siebie:1;inf_subst_adv:3;comp_adv_pred:1;ppron3_pant_interp:1;conj_fin_inf:2;inf_interp_ppron3:2;adj_ppas_praet:3;comp_praet_qub:1;subst_num_conj:5;comp_interp_adv:4;conj_pred_subst:1;adj_pcon_inf:1;praet_adv_subst:22;adv_ppas_adv:1;prep_adj_qub:23;comp_adv_prep:3;qub_subst_ppas:1;adj_ppas_interp:3;adj_praet_subst:44;conj_subst_pred:1;pcon_qub_adj:2;siebie_adj_conj:1;bedzie_interp_prep:1;empty_empty_pact:1;imps_conj_prep:2;pcon_qub_adv:5;ppron3_subst_comp:1;qub_bedzie_praet:1;pcon_qub_subst:16;qub_adv_conj:9;praet_inf_ppas:1;ger_conj_ger:3;fin_subst_ppron12:1;qub_imps_conj:1;adj_siebie_conj:1;fin_subst_pact:1;qub_fin_comp:1;ppron12_qub_conj:1;conj_inf_adv:6;siebie_praet_adj:3;adj_subst_ppron12:1;inf_interp_interp:4;qub_ppron3_adv:6;prep_adj_ger:3;qub_ppron3_adj:4;siebie_praet_adv:1;conj_praet_adj:10;ppron12_inf_bedzie:1;ppas_subst_praet:4;imps_inf_prep:2;fin_ppron3_ppron12:1;subst_ppron12_praet:3;pact_inf_interp:1;inf_conj_qub:3;pred_subst_prep:2;ppron12_adj_subst:5;pcon_subst_praet:3;fin_adj_ger:1;subst_imps_interp:3;empty_fin_inf:2;qub_pred_inf:3;comp_ppron12_praet:2;interp_pcon_subst:8;interp_ppron12_subst:1;interp_conj_num:8;fin_subst_conj:15;adv_subst_ppas:1;qub_interp_ppron3:1;pred_interp_comp:7;comp_ppas_subst:1;ppron3_adv_comp:1;prep_interp_subst:1;interp_ppas_subst:3;subst_interp_pred:7;prep_pact_subst:2;adj_ppron3_ppas:1;qub_pact_subst:3;interp_conj_ppron3:9;pcon_comp_adj:1;qub_pred_ppron12:1;qub_comp_fin:1;conj_inf_ppron12:3;adv_qub_conj:3;adj_siebie_adj:1;praet_conj_qub:9;prep_subst_ppron12:6;impt_adj_subst:4;prep_subst_pant:2;adv_adj_praet:11;ger_pcon_adj:1;adj_adv_prep:6;interp_imps_qub:5;conj_num_praet:1;empty_imps_inf:1;empty_prep_subst:93;pact_interp_subst:3;conj_adj_subst:141;fin_pred_conj:1;adv_praet_siebie:3;adj_interp_impt:4;conj_fin_prep:6;adv_subst_inf:13;qub_adj_inf:1;comp_ppas_conj:1;ppron3_prep_subst:78;pcon_inf_subst:1;qub_adj_interp:40;pcon_fin_subst:1;subst_conj_prep:46;qub_comp_ppron3:4;pred_conj_subst:1;interp_num_subst:11;interp_praet_num:3;fin_subst_adv:3;subst_subst_pcon:3;adj_praet_conj:10;subst_interp_qub:86;conj_praet_conj:5;fin_adv_ppron12:2;adj_qub_subst:14;subst_ppas_adv:1;empty_pcon_prep:1;qub_adj_prep:10;subst_adj_subst:175;pant_subst_prep:1;adv_pact_adj:1;qub_inf_qub:8;interp_ppron3_fin:1;conj_qub_subst:17;adv_ppron3_inf:5;ppron12_conj_subst:1;inf_interp_adv:9;pant_ppron12_adj:1;inf_conj_praet:2;empty_adj_pcon:1;adj_ger_subst:1;subst_interp_ppron3:7;prep_ppas_subst:6;inf_interp_adj:5;comp_prep_ppron3:13;interp_subst_qub:68;qub_conj_pcon:2;adv_praet_aglt:1;empty_interp_ppron3:2;inf_ppron3_adj:1;empty_subst_praet:64;subst_adv_ppas:6;interp_interj_subst:2;ppron3_qub_fin:13;fin_conj_comp:1;praet_interp_subst:88;aglt_praet_qub:1;burk_conj_subst:1;praet_siebie_inf:3;fin_ppron3_adv:5;qub_inf_inf:1;ppron3_adj_praet:4;adv_interp_adv:28;imps_qub_subst:1;ppron12_conj_inf:1;qub_subst_num:3;adv_fin_ppron12:1;pred_fin_subst:2;aglt_subst_inf:1;adv_interp_adj:10;praet_adj_adj:13;interp_subst_comp:3;interp_inf_conj:6;winien_praet_adj:1;inf_comp_subst:1;conj_subst_empty:1;adv_fin_adv:1;adv_fin_adj:8;conj_qub_prep:13;conj_siebie_fin:1;empty_pant_conj:2;interp_adv_comp:5;adjp_ppron3_interp:1;prep_adj_ppron12:3;inf_prep_ger:1;inf_prep_siebie:6;subst_imps_inf:2;inf_praet_adv:4;adv_prep_ger:3;bedzie_interp_ppron3:1;empty_praet_comp:3;prep_num_subst:23;num_qub_fin:1;fin_interp_fin:33;subst_interp_pcon:34;comp_ppron3_subst:20;interp_inf_subst:11;adj_adj_praet:8;empty_adv_ppron3:5;qub_pact_adv:3;comp_praet_subst:11;pred_ppron3_inf:2;ppron3_adj_ppas:1;praet_ppron3_inf:12;ppron12_subst_inf:1;interp_pact_siebie:1;interp_ppron3_interp:1;fin_comp_fin:1;conj_pcon_prep:8;prep_siebie_winien:1;qub_ppron12_prep:2;empty_subst_conj:18;inf_impt_interp:1;adj_ppas_subst:9;qub_prep_qub:1;prep_subst_inf:49;adj_siebie_praet:3;qub_comp_adj:2;num_subst_subst:12;subst_adj_interp:297;adj_pred_inf:1;subst_inf_adv:5;conj_imps_subst:2;subst_praet_praet:2;subst_ppron3_adv:14;interp_adv_qub:56;adj_qub_pant:1;depr_conj_subst:1;interp_qub_imps:3;pcon_subst_siebie:1;bedzie_ppron3_praet:1;inf_qub_imps:2;adj_qub_praet:42;conj_adj_num:1;conj_praet_adv:25;pred_praet_interp:1;praet_prep_adjp:2;pant_subst_qub:1;conj_adj_inf:5;ppron3_inf_qub:16;qub_qub_adv:12;qub_qub_adj:10;imps_interp_qub:1;interp_subst_bedzie:1;adj_subst_winien:1;bedzie_subst_prep:1;adj_prep_ppron12:4;adj_adj_qub:4;praet_inf_qub:7;fin_inf_interp:11;adv_interp_ppron12:1;subst_pant_ppron12:1;praet_comp_subst:6;ppron3_pant_praet:1;subst_adv_fin:10;adj_impt_interp:3;empty_interp_conj:14;conj_adv_imps:2;adj_fin_prep:9;pred_inf_adj:1;pant_prep_adj:2;praet_aglt_inf:1;adj_fin_subst:18;adv_prep_subst:107;interp_qub_prep:13;empty_empty_subst:341;interp_pant_adj:1;ppron12_inf_subst:2;adj_ppron3_subst:16;interp_imps_adj:1;pant_interp_comp:2;interp_imps_adv:1;adv_bedzie_interp:5;subst_interp_empty:517;praet_subst_pact:1;interp_pant_adv:1;interp_subst_depr:1;fin_prep_adj:16;pact_subst_inf:2;conj_ppron12_adj:2;prep_siebie_pcon:1;subst_num_subst:8;adv_qub_imps:2;bedzie_interp_interp:4;fin_conj_prep:6;adv_fin_ppron3:1;subst_prep_burk:1;comp_pred_inf:1;conj_inf_interp:11;qub_conj_conj:3;praet_interp_prep:32;subst_comp_prep:3;interp_adj_adv:38;qub_impt_conj:1;qub_siebie_interp:1;pcon_interp_empty:5;qub_adj_ppron3:4;inf_siebie_subst:2;impt_adv_subst:1;adv_adj_qub:4;praet_interp_pred:3;qub_pred_subst:3;ppron3_inf_imps:1;interp_adj_adj:24;ppron12_subst_pcon:1;subst_praet_comp:6;adj_conj_qub:4;praet_praet_qub:1;ger_subst_interp:8;empty_empty_interj:6;adv_interp_praet:23;adv_ppron12_inf:1;comp_ppron3_adv:9;interp_subst_adv:26;num_adj_prep:1;comp_ppron3_adj:5;interp_subst_adj:72;adj_interp_interp:15;empty_empty_interp:145;imps_prep_num:1;adj_ppron12_adv:1;subst_pcon_prep:10;conj_pred_ppron3:2;empty_empty_ppas:4;interp_praet_inf:5;pact_adv_adv:1;conj_adv_ppas:6;praet_qub_subst:77;imps_interp_subst:3;prep_interp_empty:1;adv_conj_pact:2;empty_comp_fin:3;qub_adj_num:1;ppron12_qub_subst:3;interp_prep_subst:175;ppron12_qub_interp:6;conj_subst_bedzie:2;inf_subst_ppron3:5;subst_fin_comp:1;ppron12_adv_adv:2;imps_adv_conj:2;adj_praet_siebie:4;empty_subst_num:1;subst_bedzie_subst:2;qub_subst_ppron12:1;interp_subst_ppas:3;impt_ppron12_adj:1;interp_prep_ger:4;praet_ppas_interp:11;adv_ppron12_adv:1;empty_empty_comp:29;siebie_praet_conj:4;conj_ppron12_interp:2;subst_num_praet:4;adv_interp_ppron3:1;pant_ppas_subst:1;qub_inf_prep:12;pant_qub_prep:5;empty_fin_ppron3:1;comp_ppas_prep:2;subst_adv_imps:1;praet_ppas_prep:3;adj_prep_ger:2;adv_ppron12_ppas:1;imps_siebie_interp:1;subst_siebie_adv:1;ppron12_conj_adv:1;fin_subst_praet:1;ppas_interp_ppas:4;interp_comp_aglt:6;subst_interp_conj:284;num_conj_subst:3;bedzie_conj_prep:2;interp_imps_prep:4;comp_ppron3_qub:11;subst_ppron12_inf:2;aglt_interp_subst:1;adj_subst_burk:1;ppron3_praet_empty:1;subst_subst_conj:90;empty_pred_adv:1;adv_fin_pcon:1;subst_qub_ppron3:10;subst_adv_bedzie:2;qub_fin_prep:22;interp_praet_siebie:5;subst_ppron3_adj:6;subst_interp_fin:66;prep_ger_prep:4;qub_pact_qub:2;qub_fin_pred:1;qub_pcon_interp:11;prep_ppron3_pred:1;subst_conj_conj:3;empty_pred_adj:2;praet_comp_ppron3:3;interp_comp_praet:27;ppron3_adj_qub:4;qub_pcon_prep:8;empty_empty_ger:3;subst_interp_adj:275;subst_interp_adv:131;ppron3_qub_interp:3;adj_adv_praet:13;adj_praet_interp:35;comp_ppron12_subst:3;adj_qub_interp:7;bedzie_prep_adv:1;adv_qub_inf:9;subst_ger_qub:3;qub_num_prep:2;empty_adj_interp:5;inf_ppron12_subst:1;prep_subst_bedzie:1;ppron3_conj_ppron3:1;qub_adv_adv:12;adj_qub_ppron12:1;inf_conj_inf:27;comp_prep_prep:2;ger_ppron3_adv:1;pcon_interp_qub:2;fin_inf_subst:5;prep_ppron3_prep:16;ppron3_adj_prep:3;adj_subst_qub:49;comp_prep_ger:1;burk_prep_adj:1;pant_praet_qub:1;inf_interp_fin:1;imps_interp_adv:1;ppron12_qub_praet:2;adjp_ger_pcon:1;imps_interp_adj:2;ppron3_interp_subst:4;interp_ppron12_interp:2;adv_adv_adj:13;pact_prep_adj:3;empty_praet_subst:10;adj_adv_qub:14;impt_praet_subst:1;adj_interp_empty:115;interp_interp_qub:7;fin_qub_siebie:1;qub_adv_interp:36;ppron12_subst_prep:5;fin_subst_fin:2;aglt_prep_subst:8;interp_adjc_praet:1;adv_adv_adv:9;adv_inf_ppron12:1;empty_subst_fin:12;adv_siebie_adj:2;pred_qub_adv:1;qub_conj_interp:4;adj_interp_num:2;conj_fin_conj:1;conj_comp_interp:3;prep_ppron3_inf:12;interp_interp_adv:4;comp_subst_ppas:1;interp_inf_prep:4;ppron3_qub_praet:41;imps_interp_praet:2;pred_qub_adj:5;empty_prep_adj:33;qub_siebie_praet:2;conj_adv_pact:3;bedzie_interp_conj:1;ppas_interp_subst:4;imps_qub_ppron3:1;adv_praet_subst:37;ppron3_interp_fin:1;qub_aglt_interp:2;adv_praet_praet:1;subst_num_imps:1;empty_prep_adv:1;pact_interp_praet:1;ppron12_interp_conj:1;ppron3_pact_subst:1;ger_adj_adj:2;ppron3_num_prep:1;num_adv_subst:2;adj_conj_adv:16;imps_conj_adj:1;interp_pant_subst:3;ppron3_imps_adj:1;adj_praet_praet:2;ppron3_imps_adv:1;adj_conj_adj:72;comp_pant_subst:2;ppron3_bedzie_prep:1;pcon_ppron3_qub:2;comp_adv_conj:1;impt_adv_adv:1;comp_adj_fin:4;praet_qub_interp:33;adj_subst_imps:3;ger_interp_subst:1;imps_ppron3_qub:4;adv_ppron3_prep:3;interp_interp_empty:34;conj_comp_aglt:1;prep_adj_pact:1;adj_siebie_fin:1;ppron12_adv_bedzie:1;pcon_prep_adjp:1;praet_siebie_subst:8;praet_prep_qub:1;prep_ppron12_praet:1;qub_adj_bedzie:1;num_ppron12_pred:1;pcon_prep_ppas:1;interp_inf_fin:2;adjp_subst_interp:1;qub_aglt_adv:4;prep_siebie_adj:1;prep_adj_pcon:3;ppron3_siebie_prep:1;adj_conj_pred:1;comp_ppron3_fin:3;ppron3_ppron3_inf:1;conj_pant_comp:1;qub_fin_ppron12:3;fin_ppron12_interp:1;adv_interp_subst:32;adv_adv_qub:10;comp_praet_adj:7;subst_ppron3_prep:11;empty_comp_qub:4;comp_adj_interp:5;conj_fin_adj:4;prep_subst_siebie:3;fin_comp_qub:1;subst_conj_ppas:4;ppron12_adv_fin:2;pcon_subst_qub:1;ppron3_num_interp:2;adj_praet_aglt:1;fin_interp_impt:4;inf_subst_comp:2;adv_subst_subst:30;fin_qub_ppron3:1;subst_conj_qub:21;fin_subst_ppron3:2;fin_adj_prep:3;inf_prep_num:1;pred_adv_interp:1;empty_empty_fin:44;num_fin_interp:2;praet_qub_pcon:3;conj_comp_prep:3;conj_prep_ppron12:9;adj_qub_pcon:2;empty_imps_prep:1;comp_praet_conj:2;pcon_ppron3_inf:3;conj_interp_pcon:1;qub_imps_interp:8;qub_ppas_adj:1;imps_ppron12_prep:1;subst_praet_conj:39;prep_ppron3_ger:3;fin_qub_subst:21;ger_fin_qub:2;adj_interp_subst:78;qub_ppas_adv:2;subst_interp_comp:173;pred_inf_fin:2;empty_pcon_conj:2;interp_fin_ppas:1;qub_ppron12_fin:1;empty_pant_ger:1;subst_prep_ppas:3;empty_subst_siebie:1;prep_subst_prep:145;inf_interp_qub:10;imps_adj_subst:2;comp_inf_fin:1;adj_qub_inf:4;adv_adv_ppron3:4;adv_ppron3_subst:11;empty_praet_siebie:2;qub_interp_subst:11;prep_siebie_subst:6;subst_ger_adj:2;prep_adv_interp:4;fin_qub_comp:2;empty_adv_fin:2;praet_prep_pact:1;prep_burk_interp:1;prep_subst_subst:268;empty_adj_fin:3;comp_pred_praet:3;adv_qub_ppron12:1;subst_qub_bedzie:6;comp_adj_subst:39;adj_interp_prep:26;interj_qub_interp:1;subst_subst_pact:3;num_subst_qub:2;empty_inf_subst:1;siebie_conj_pcon:1;adj_interp_pred:3;pact_interp_comp:1;adj_subst_ppas:23;interp_fin_qub:38;subst_adjc_conj:1;prep_pact_adj:1;pred_conj_qub:2;ger_ppron3_praet:2;aglt_qub_adv:3;prep_burk_qub:1;adv_prep_ppron12:6;siebie_subst_fin:1;inf_pact_interp:1;ppron3_inf_praet:5;praet_interp_empty:234;adj_depr_prep:1;qub_inf_pact:1;qub_ppas_praet:3;fin_adj_siebie:1;ppron3_prep_ppron3:2;interp_conj_impt:1;comp_interp_comp:1;conj_impt_ppron12:2;conj_siebie_prep:1;conj_adj_fin:4;interp_imps_conj:1;adj_inf_praet:5;subst_prep_ppron12:7;conj_ppron12_fin:3;interp_prep_num:6;interp_inf_praet:1;subst_inf_praet:20;interp_impt_praet:1;ppron12_interp_fin:2;comp_subst_conj:7;conj_pact_interp:2;impt_subst_interp:4;impt_subst_fin:1;adv_prep_siebie:1;siebie_qub_adv:1;qub_adv_ger:1;adv_inf_praet:16;interp_adj_ger:1;depr_prep_adj:1;conj_subst_qub:58;pact_inf_subst:2;conj_praet_pcon:4;interp_pred_praet:3;praet_inf_praet:1;adj_ppron12_subst:5;qub_qub_fin:18;interp_qub_adj:14;pcon_prep_prep:1;aglt_adv_qub:1;subst_adv_ppron12:2;ppron12_interp_ppron12:1;subst_siebie_interp:2;ppron3_adj_adj:4;praet_conj_ppas:1;prep_ppron3_praet:37;qub_praet_num:4;interp_pred_adj:2;pcon_interp_conj:8;interp_pred_adv:1;ppron12_conj_fin:2;siebie_interp_num:1;qub_ppron12_praet:1;ppron3_adj_adv:2;depr_praet_prep:1;ppas_ppron3_subst:3;prep_fin_interp:1;qub_aglt_qub:2;fin_fin_interp:1;aglt_prep_ppron12:1;pred_prep_adj:2;ger_interp_pcon:1;adj_pred_subst:1;conj_ger_qub:2;ppron3_subst_interp:56;prep_adj_imps:1;ppron3_imps_interp:5;ppas_conj_praet:2;ppron12_praet_inf:1;interp_qub_ppas:4;siebie_praet_subst:2;subst_ger_conj:4;conj_subst_conj:25;interp_adj_fin:25;ppas_qub_praet:1;prep_ppas_ppron3:1;pred_qub_subst:2;subst_prep_subst:450;qub_adv_fin:8;comp_pred_qub:1;pcon_qub_qub:2;pant_qub_subst:2;prep_adjp_prep:3;pact_ppron3_subst:1;comp_comp_praet:1;qub_ppron3_fin:2;ppron3_praet_interp:57;empty_adv_adv:10;conj_pcon_conj:1;qub_num_ppron12:1;ppas_interp_adj:5;empty_pred_praet:3;empty_qub_qub:4;empty_ppron3_qub:1;praet_subst_qub:8;ger_subst_pact:1;adj_praet_num:1;ppron3_fin_conj:1;praet_comp_interp:1;empty_adv_adj:10;adj_qub_fin:15;qub_fin_conj:13;subst_subst_comp:1;adj_winien_aglt:1;prep_prep_num:1;imps_conj_inf:2;prep_ger_qub:5;conj_inf_conj:7;praet_qub_pant:1;interp_comp_subst:120;pant_subst_interp:1;ppron3_praet_pred:1;comp_fin_qub:3;subst_ger_prep:2;adjp_praet_pcon:1;subst_interp_interp:46;ppron3_praet_prep:14;qub_ppron3_ger:1;interp_subst_praet:92;prep_subst_comp:10;inf_praet_aglt:1;adjp_interp_empty:1;inf_siebie_conj:1;qub_praet_subst:59;adv_prep_ppas:1;bedzie_interp_comp:1;adv_conj_pred:1;qub_interp_pred:1;bedzie_pred_bedzie:1;siebie_praet_aglt:1;inf_siebie_praet:1;subst_interp_ger:6;ppron3_conj_adj:3;qub_adv_empty:1;qub_interp_prep:4;conj_fin_comp:1;conj_praet_qub:49;praet_pred_interp:8;adv_conj_prep:9;praet_ppron3_subst:29;prep_prep_ppron3:1;praet_ppron3_adj:6;prep_ppron3_pcon:1;praet_adj_num:1;conj_adv_prep:19;ger_qub_inf:2;adv_conj_ppron3:1;ppron3_praet_ppron3:3;subst_siebie_conj:1;inf_subst_interp:44;interp_inf_qub:3;interp_qub_comp:2;praet_ppron3_adv:13;pred_ppron12_ppron3:1;adjp_praet_subst:1;adj_pcon_subst:2;aglt_ppron12_interp:1;fin_ppron3_qub:2;pact_subst_interp:7;fin_ppron12_conj:3;praet_subst_adv:20;adj_adv_pact:1;praet_subst_adj:50;pact_adv_subst:1;pant_subst_conj:2;conj_prep_subst:142;adv_ppron12_prep:5;adv_praet_ppron3:5;adv_inf_prep:7;empty_interj_adv:1;qub_comp_conj:2;comp_subst_num:2;comp_subst_praet:31;subst_adj_adj:36;conj_qub_pred:2;adj_qub_ppas:1;inf_adv_bedzie:1;adj_pant_adv:1;prep_numcol_subst:1;empty_conj_praet:15;subst_pred_subst:3;praet_adv_comp:3;qub_praet_pant:1;subst_adj_adv:20;pred_qub_praet:5;qub_pant_subst:1;burk_praet_qub:1;interp_conj_inf:22;ppron3_adv_ppron12:1;inf_qub_praet:61;empty_subst_ppron12:2;prep_ppron12_num:1;conj_inf_qub:23;ppron3_conj_fin:1;pcon_prep_pact:1;adv_subst_pant:1;ppron12_ppron12_fin:1;empty_pred_subst:2;ppron3_subst_conj:15;pcon_comp_ppron12:1;subst_ppron3_praet:44;impt_ppron12_subst:2;comp_inf_praet:1;adv_ppas_subst:8;adj_comp_subst:2;prep_adjp_inf:1;subst_pred_ppron12:1;praet_pred_prep:1;conj_ppron3_adj:3;ger_qub_praet:2;empty_empty_adj:110;qub_interp_impt:1;ppas_prep_qub:1;pcon_praet_qub:2;conj_prep_ppas:1;interp_adv_pact:1;subst_ppron3_fin:7;interp_ppas_inf:1;subst_inf_comp:1;num_inf_praet:1;siebie_fin_prep:1;subst_ppas_fin:1;inf_subst_pred:1;praet_subst_interp:158;praet_ppron3_qub:17;pant_praet_prep:1;fin_qub_winien:1;interp_comp_qub:77;empty_subst_ppas:4;adv_adj_subst:72;empty_pant_prep:2;subst_ppron3_subst:15;praet_interp_conj:107;pcon_num_subst:1;adv_subst_fin:19;prep_ppron3_ppas:2;qub_pred_fin:1;interp_adv_prep:22;interp_impt_ppron3:4;interp_praet_prep:44;depr_interp_qub:1;ppas_prep_ppron3:2;interp_adj_ppron3:22;fin_qub_ppron12:2;interp_pred_ppron12:3;adv_subst_praet:35;adv_pant_prep:2;interp_adv_pred:5;adv_ger_conj:1;subst_ppas_conj:3;praet_conj_adj:13;pred_interp_conj:2;interp_conj_burk:1;prep_ppron12_interp:13;fin_subst_qub:2;prep_ppron3_interp:30;empty_conj_pact:3;subst_pred_fin:1;qub_adj_fin:3;ppas_subst_pact:1;prep_subst_empty:5;qub_ppron3_praet:4;fin_ppron12_adv:1;praet_adj_inf:1;adv_adv_subst:10;subst_ppas_praet:13;subst_praet_qub:121;ppron12_inf_qub:2;interp_adj_pred:2;subst_prep_adjp:5;adj_interp_inf:2;fin_adv_qub:4;qub_inf_subst:16;pact_qub_interp:1;prep_adjp_interp:6;subst_fin_siebie:1;adv_prep_num:1;inf_subst_prep:11;adv_pact_interp:1;adj_adv_conj:2;subst_num_interp:7;ppron12_qub_prep:2;adj_siebie_pcon:1;interp_conj_interp:4;conj_ppron3_qub:2;empty_subst_comp:2;praet_aglt_qub:5;conj_subst_comp:1;praet_ppron12_interp:2;subst_fin_ger:1;adv_ppron12_praet:1;inf_praet_interp:40;empty_empty_qub:101;imps_ppron3_subst:2;pcon_adv_interp:1;interp_adj_impt:1;adj_subst_praet:150;qub_praet_prep:63;subst_pact_ppron3:1;interp_inf_interp:6;interp_ppron12_adj:1;inf_winien_qub:1;prep_ger_adj:3;qub_praet_pred:6;interp_ppas_conj:4;adv_ppron3_fin:3;interp_praet_ppron12:2;comp_praet_siebie:1;interp_pact_adv:3;subst_conj_siebie:1;interp_pact_adj:2;comp_interp_praet:1;empty_ger_adj:1;interj_adv_qub:1;adj_adj_adj:9;praet_interp_bedzie:1;comp_subst_fin:10;empty_subst_ppron3:11;comp_aglt_ppron3:1;subst_prep_qub:1;conj_subst_prep:65;empty_conj_ppron12:1;conj_interp_subst:2;ppron12_qub_inf:2;praet_interp_impt:1;praet_interp_imps:5;praet_interp_pact:1;conj_comp_adv:3;subst_pant_praet:1;subst_depr_praet:1;bedzie_ppron12_interp:1;conj_comp_adj:2;aglt_adv_adv:1;fin_pcon_adj:1;adv_interp_ppas:1;adj_fin_fin:1;impt_ppron3_subst:1;ppron3_conj_qub:2;subst_conj_pcon:6;adjp_praet_interp:1;siebie_prep_adj:1;conj_adj_praet:11;qub_subst_imps:2;pred_inf_ppron3:1;subst_conj_adj:81;pred_praet_ppron3:1;conj_praet_ppron3:9;subst_conj_adv:37;comp_subst_ppron3:10;qub_prep_subst:209;ppron3_interp_prep:3;prep_ppas_interp:1;subst_ppron3_qub:21;prep_burk_conj:1;interp_qub_conj:3;empty_pact_prep:1;adj_interp_adj:88;qub_subst_comp:3;adjc_praet_conj:2;fin_ppron12_inf:4;subst_bedzie_pred:1;ppas_interp_pcon:1;adj_interp_adv:39;praet_ppron3_prep:28;conj_adv_num:1;qub_praet_inf:16;fin_prep_ppron3:7;conj_ppron3_inf:1;empty_ppron12_subst:1;qub_subst_fin:10;praet_pcon_interp:1;num_conj_inf:1;adj_comp_prep:1;subst_adj_imps:1;conj_prep_num:2;praet_qub_qub:19;ger_interp_comp:2;adj_praet_ppron3:11;adv_inf_interp:13;adv_ppron3_imps:5;comp_qub_fin:8;empty_praet_conj:5;subst_num_adv:3;qub_inf_pred:1;aglt_ppron3_prep:1;ppron3_conj_praet:4;adv_bedzie_conj:1;comp_subst_interp:9;interp_bedzie_subst:1;subst_adj_qub:25;ger_prep_adj:2;qub_qub_ppron12:1;conj_fin_ppron3:1;adjp_interp_comp:1;subst_num_adj:4;ger_conj_subst:3;adj_interj_interp:1;num_subst_adv:4;adj_adv_adj:5;praet_praet_subst:1;aglt_interp_praet:1;interp_qub_inf:3;prep_adv_inf:1;ger_ppron3_prep:1;adj_adv_adv:9;siebie_pcon_subst:2;conj_subst_ppas:7;num_subst_adj:9;conj_conj_ppron3:1;prep_ppron3_subst:73;interp_adj_siebie:7;aglt_interp_empty:1;ppas_adj_subst:7;subst_subst_ppron12:2;conj_adv_adj:19;empty_interp_inf:2;aglt_adv_inf:1;subst_pred_inf:1;conj_adv_adv:16;qub_interp_pcon:2;siebie_interp_inf:1;imps_ppron3_prep:5;interp_conj_praet:43;fin_qub_inf:11;interp_pact_subst:8;pred_fin_inf:1;adjc_conj_adj:1;depr_interp_adj:1;praet_conj_inf:6;adv_pred_praet:1;impt_siebie_adv:1;empty_conj_fin:4;comp_praet_adv:2;pcon_prep_ppron3:4;subst_prep_ppron3:41;adj_fin_pcon:1;comp_subst_inf:10;adv_praet_inf:7;ppron12_fin_comp:1;prep_adjp_fin:1;pred_inf_interp:3;subst_subst_inf:21;prep_subst_conj:192;fin_interp_prep:10;adj_subst_interp:481;interp_impt_prep:2;fin_interp_adj:14;num_prep_adj:1;comp_adj_adv:3;fin_ppron3_adj:1;adjp_interp_subst:1;subst_pant_qub:2;conj_adv_subst:29;empty_conj_prep:6;subst_ppron3_pred:2;ppron3_interp_ppron3:2;empty_ppron3_subst:1;adv_interp_qub:8;fin_ppron12_prep:3;empty_conj_pred:2;ppron3_ger_conj:1;comp_adj_adj:4;adv_adj_adv:1;praet_adv_inf:9;conj_ppas_subst:5;comp_adv_adv:6;adjp_ppron12_adv:1;ppas_inf_praet:2;inf_siebie_qub:2;pred_conj_pred:1;conj_ppas_interp:6;pred_adj_interp:3;ger_interp_adj:3;conj_fin_ppron12:4;comp_adv_adj:4;adv_adj_adj:4;prep_ppron12_pcon:1;conj_praet_comp:3;ppron3_siebie_adj:1;praet_subst_ger:2;conj_subst_ppron3:23;adj_ppron12_fin:2;num_praet_inf:1;ppron3_qub_subst:8;pcon_ppas_interp:1;empty_qub_ppron12:2;adj_interp_pant:2;qub_aglt_praet:2;ppron3_praet_conj:12;adj_prep_ppron3:18;praet_adv_pcon:3;pred_ppron12_subst:1;imps_interp_empty:5;adv_ppron12_fin:2;subst_inf_interp:56;burk_subst_ger:1;ppron12_interp_prep:1;adj_subst_adv:39;empty_prep_ppron3:8;ppron12_interp_bedzie:1;inf_pred_prep:2;qub_ppas_prep:8;praet_subst_siebie:1;fin_ppron12_subst:6;adj_subst_adj:121;comp_aglt_prep:1;prep_subst_qub:103;subst_inf_winien:1;conj_subst_burk:1;interp_pact_qub:5;empty_qub_adv:8;prep_num_interp:2;aglt_conj_qub:1;pcon_adv_subst:1;ppron3_prep_num:2;praet_qub_aglt:9;ger_adj_subst:4;ppron12_ppron3_qub:1;comp_comp_adj:1;comp_siebie_praet:1;praet_interp_interp:9;adv_comp_qub:2;subst_inf_ppron12:1;interp_imps_ppron3:7;empty_qub_adj:14;interp_adv_imps:1;empty_impt_ppron12:1;num_qub_praet:2;subst_inf_conj:12;praet_aglt_prep:11;praet_subst_subst:57;imps_conj_interp:1;praet_siebie_adj:4;adv_ppas_prep:7;adj_fin_conj:2;qub_adv_ppas:1;prep_ppron3_fin:13;bedzie_interp_subst:2;adj_ppron3_prep:2;adv_subst_interp:47;qub_subst_adjc:1;ppron12_inf_prep:2;conj_ger_subst:1;qub_ppron12_ppron3:1;bedzie_subst_conj:1;adv_adj_interp:42;pcon_ppron3_subst:1;adjp_interp_pcon:1;praet_siebie_prep:4;conj_qub_ppron3:2;pred_praet_prep:4;pact_ppron3_adv:1;adj_subst_prep:114;ppron12_qub_fin:5;ppas_subst_fin:1;empty_qub_interp:5;adj_praet_adv:11;ppron12_praet_aglt:1;ppron12_adj_interj:1;qub_prep_adjp:1;ppron12_adj_interp:3;interp_interp_interp:13;adj_praet_adj:15;adj_subst_pred:3;qub_num_interp:4;comp_siebie_inf:1;comp_fin_prep:2;praet_qub_praet:4;ppron3_adv_conj:5;interp_adj_prep:45;fin_qub_fin:1;empty_ppron3_praet:4;ppron3_fin_prep:4;qub_qub_conj:1;conj_pact_adj:3;adv_pcon_interp:3;ppas_praet_prep:6;pcon_subst_prep:3;qub_conj_subst:8;prep_siebie_fin:3;interp_ger_adj:1;comp_ppron12_inf:1;prep_adjp_ppron12:1;subst_interp_praet:154;conj_pact_adv:1;ppron3_adv_ppas:1;siebie_prep_ppron3:1;prep_adv_adj:10;imps_adv_interp:2;conj_pred_inf:2;siebie_interp_adv:1;num_subst_inf:1;adv_interp_pcon:5;num_inf_prep:1;prep_subst_adj:176;interp_interp_ppron3:3;siebie_interp_adj:1;bedzie_conj_praet:1;prep_adv_adv:1;empty_inf_qub:2;pred_adj_adj:1;ger_interp_empty:7;pred_qub_qub:1;ppas_adj_adj:2;interp_adja_interp:1;ppron3_conj_prep:3;siebie_interp_praet:1;adv_interp_conj:43;comp_qub_pred:3;conj_fin_qub:8;interp_conj_pact:1;bedzie_subst_subst:2;interp_conj_comp:27;subst_pcon_ppron3:4;ger_conj_ppas:1;comp_inf_prep:1;prep_subst_imps:2;comp_ppron12_qub:2;subst_adv_siebie:1;conj_praet_prep:45;ppron12_pred_subst:2;aglt_adv_subst:1;conj_siebie_inf:2;interp_adv_pcon:2;inf_comp_qub:1;pcon_subst_fin:1;empty_qub_subst:18;conj_praet_pred:1;ppas_adv_praet:1;qub_siebie_prep:1;aglt_subst_adj:1;subst_subst_prep:64;qub_qub_inf:10;adj_qub_prep:10;ppas_interp_praet:9;adj_qub_conj:2;subst_subst_pred:4;adj_prep_num:1;prep_adj_inf:6;ppron12_adv_prep:2;pcon_adv_inf:1;pcon_qub_conj:2;interp_adj_praet:51;adj_conj_ger:3;praet_pred_num:1;pred_praet_subst:5;adv_praet_pcon:1;aglt_interp_adj:1;bedzie_subst_interp:3;num_interp_impt:1;aglt_subst_prep:1;empty_pred_ppron12:1;comp_adj_qub:4;qub_conj_prep:4;interp_adj_winien:1;interp_impt_ppron12:1;conj_pcon_interp:3;interp_praet_aglt:6;qub_prep_adv:5;subst_ppron12_prep:5;interp_praet_interp:38;qub_qub_ppas:2;adv_adj_inf:4;pact_qub_qub:2;ger_adj_qub:1;comp_imps_prep:1;conj_adv_pant:1;praet_pcon_subst:1;subst_ppron12_pred:1;adj_qub_num:4;praet_aglt_subst:4;adv_inf_conj:3;ppron12_interp_comp:5;subst_subst_fin:37;subst_fin_qub:26;praet_ppron12_adj:1;qub_adj_adj:11;adj_subst_empty:3;praet_inf_comp:1;adv_qub_pact:1;prep_siebie_adv:1;qub_praet_aglt:8;adv_qub_subst:18;num_adv_adj:1;subst_pred_prep:3;comp_fin_conj:1;pant_subst_adj:1;praet_ppron12_adv:2;qub_adj_adv:3;interp_adv_ppas:9;prep_siebie_praet:8;adv_qub_ppas:3;subst_num_prep:4;praet_pcon_prep:4;prep_qub_interp:1;fin_qub_conj:5;comp_aglt_ppron12:1;subst_subst_num:2;adj_interp_pcon:10;subst_pcon_qub:7;imps_ppron3_adv:3;adj_praet_ger:1;empty_num_adj:1;empty_interp_num:1;prep_pact_qub:1;comp_comp_qub:2;empty_qub_inf:1;interp_ppron3_qub:6;empty_num_adv:1;empty_comp_conj:1;adjp_praet_prep:1;pant_subst_adv:2;interp_adv_interp:27;prep_adj_pred:1;num_interp_subst:3;subst_praet_siebie:5;interp_praet_adv:29;comp_ppron3_prep:12;adj_ppas_fin:1;interp_comp_adjc:1;adv_conj_adv:32;ger_subst_inf:1;adv_conj_adj:2;subst_qub_ppas:3;qub_ppron12_adj:2;interp_praet_adj:20;prep_adj_prep:8;subst_qub_pcon:5;ger_qub_siebie:1;siebie_subst_inf:3;ppron12_prep_ppron3:3;prep_pact_interp:1;impt_interp_adj:1;num_qub_subst:1;praet_prep_siebie:14;praet_siebie_conj:2;adj_inf_subst:6;subst_fin_adj:13;pcon_comp_praet:1;subst_qub_comp:1;qub_subst_pcon:1;subst_subst_subst:102;praet_adv_num:1;subst_fin_adv:13;qub_subst_ppron3:5;subst_ppas_ger:1;praet_qub_ppron3:9;adv_inf_ppas:1;conj_num_interp:2;adv_adj_ppas:1;ppron3_adv_num:2;ppron3_fin_pred:1;praet_subst_inf:17;conj_pant_praet:1;praet_adv_ppas:2;praet_pred_adj:2;imps_ppron3_adj:1;subst_inf_bedzie:1;conj_subst_interp:152;subst_interp_num:7;adv_bedzie_prep:1;pred_adj_inf:1;qub_comp_qub:1;interp_adv_conj:8;inf_qub_subst:6;empty_num_qub:1;praet_pred_adv:1;interp_pact_ppron3:1;comp_num_subst:2;inf_adj_prep:1;interp_interj_interp:9;adj_siebie_subst:2;ppron3_bedzie_subst:2;ppron3_imps_subst:1;prep_subst_pred:5;ppron3_subst_subst:20;fin_adj_adv:1;prep_ppron3_ppron3:1;subst_adj_comp:2;pred_subst_interp:7;ppron3_praet_praet:1;qub_fin_inf:7;conj_adj_ppas:1;siebie_fin_adv:1;subst_subst_pant:1;fin_adj_adj:2;adv_conj_qub:4;interp_conj_imps:2;subst_pact_subst:7;ppron3_praet_inf:7;comp_pred_adj:1;comp_pred_subst:1;ppron12_subst_adj:2;qub_conj_pant:1;bedzie_interp_adv:1;comp_aglt_praet:2;ppron12_fin_adv:1;ppron12_subst_adv:1;num_inf_interp:1;subst_interp_subst:305;adj_interp_conj:97;pred_adv_subst:3;praet_adv_praet:4;comp_pred_adv:1;ppron12_prep_ppron12:4;inf_ppron3_prep:9;adv_ppron3_ppron3:2;adv_pant_interp:1;num_fin_prep:1;adj_siebie_qub:2;pcon_prep_ppron12:1;adv_interp_comp:43;subst_subst_ppron3:17;praet_comp_qub:1;interp_qub_fin:32;empty_adv_subst:11;adj_qub_aglt:2;conj_ppas_prep:6;interp_prep_ppron12:2;empty_qub_ppron3:1;conj_adj_ppron3:5;adj_ppas_prep:1;imps_qub_inf:1;conj_qub_num:2;conj_pcon_comp:2;siebie_prep_adjp:1;adja_interp_adj:1;subst_qub_interp:18;fin_adv_prep:4;adj_imps_prep:1;fin_comp_prep:2;aglt_ppron12_adv:1;adv_comp_ppron3:1;subst_subst_praet:110;interp_subst_imps:1;ppron12_fin_interp:14;conj_qub_adv:10;comp_interp_conj:2;praet_adv_ppron3:2;comp_adj_conj:2;subst_comp_ppron3:2;comp_qub_subst:16;inf_ppron12_bedzie:1;adj_inf_fin:1;ppron12_conj_siebie:1;ger_adv_comp:1;subst_prep_ger:14;subst_prep_siebie:8;interp_pant_ppas:1;comp_ppron3_siebie:1;inf_pact_subst:1;imps_ppron3_siebie:1;subst_adv_praet:39;fin_adv_adj:3;subst_siebie_subst:1;empty_praet_pred:7;brev_interp_conj:1;interp_brev_interp:4;num_ppron3_subst:1;ppron3_comp_subst:1;fin_adv_adv:5;empty_praet_prep:13;conj_adv_pcon:1;ppron12_praet_conj:1;siebie_praet_prep:3;adv_qub_pred:2;praet_adv_conj:19;qub_inf_adv:8;qub_praet_pcon:1;ppron3_adv_inf:6;pcon_adv_qub:1;inf_comp_conj:1;inf_ppas_ppron3:1;ppron3_ger_inf:1;ppas_conj_ppas:6;adv_qub_prep:18;ppas_prep_interp:1;adj_bedzie_subst:1;pcon_ppron3_interp:2;interp_inf_ppron3:5;num_adv_praet:5;ppas_interp_comp:2;conj_ger_interp:5;prep_adj_comp:2;qub_qub_num:1;interp_interp_praet:36;ppas_praet_qub:3;pcon_interp_comp:11;interp_qub_pact:6;comp_ppron3_inf:7;burk_qub_praet:1;fin_prep_adjp:1;qub_imps_subst:3;empty_adj_prep:4;praet_interp_qub:38;fin_conj_fin:11;adj_adj_ppron3:1;adjc_qub_adj:1;pant_adj_subst:3;empty_adj_pred:4;interp_subst_ppron3:30;empty_conj_adv:15;ppron3_ppas_praet:1;interp_praet_qub:74;siebie_conj_inf:1;interp_pant_prep:2;interp_comp_pant:2;adv_subst_pact:1;interp_qub_bedzie:2;bedzie_praet_interp:1;adj_interp_imps:2;adv_num_subst:4;prep_ppron12_bedzie:3;subst_conj_imps:5;subst_prep_adj:88;adj_comp_praet:2;conj_prep_adjp:4;subst_prep_adv:2;interp_fin_interp:37;subst_bedzie_interp:2;pred_praet_adv:2;ppron3_praet_subst:22;praet_num_subst:9;interp_comp_ppron3:64;inf_ppron3_conj:1;conj_pcon_inf:1;empty_conj_num:1;conj_interp_adj:2;subst_pact_ppron12:1;interp_subst_num:3;adv_adj_num:1;praet_prep_ppron3:46;conj_siebie_subst:1;prep_siebie_conj:3;interp_comp_siebie:2;adj_interp_ppron12:1;prep_ppron12_subst:9;subst_adjc_praet:2;subst_pcon_fin:1;adv_conj_praet:13;subst_ppron3_inf:9;fin_interp_pant:1;interp_pcon_conj:2;praet_siebie_qub:1;interp_fin_ppron3:7;subst_fin_interp:103;adv_prep_pact:1;prep_ppron3_adj:17;imps_interp_imps:2;interp_adj_conj:24;fin_inf_comp:2;subst_adj_fin:17;qub_conj_adj:5;comp_adv_interp:1;comp_inf_interp:1;subst_bedzie_praet:1;qub_conj_adv:3;fin_subst_adj:13;conj_adv_conj:9;prep_ppron3_adv:11;fin_pred_inf:2;conj_conj_fin:1;fin_adv_ppron3:2;ppron3_num_praet:1;subst_pcon_adj:1;comp_impt_interp:1;comp_qub_conj:4;praet_conj_pcon:1;subst_num_inf:1;qub_conj_praet:7;adj_interp_adja:1;adj_interp_comp:36;pred_ppron12_inf:2;adj_adv_inf:4;adv_qub_fin:16;prep_adj_ppron3:3;prep_comp_ppron3:1;conj_praet_aglt:2;adj_adj_conj:2;empty_prep_ppron12:1;adv_pred_bedzie:1;subst_pred_qub:4;siebie_subst_praet:1;subst_interp_inf:19;ppron3_fin_interp:24;fin_prep_ppron12:3;fin_ppron3_prep:4;adv_qub_interp:7;subst_qub_prep:40;ppron12_ppron3_fin:1;subst_qub_praet:193;adv_subst_qub:12;pred_bedzie_interp:2;ppron3_interp_praet:6;imps_interp_interp:1;num_subst_imps:1;praet_inf_prep:20;qub_pcon_praet:2;adv_inf_siebie:2;subst_impt_interp:2;conj_num_adv:1;subst_qub_pred:4;qub_interp_adv:11;ppas_interp_adv:15;impt_interp_comp:4;num_ppron12_fin:1;siebie_adj_adj:2;inf_praet_subst:5;ppron3_prep_prep:1;conj_subst_praet:77;adjc_praet_ppron3:1;bedzie_adj_interp:1;praet_adj_adv:3;num_interp_empty:6;fin_ppron3_subst:4;pant_inf_interp:1;adv_adv_ppas:1;interp_conj_adv:74;adj_inf_ppron3:1;adv_adj_ppron3:1;ppron3_prep_siebie:3;conj_num_subst:9;impt_adj_interp:2;ppron3_adv_prep:7;ppas_subst_interp:26;qub_conj_qub:4;subst_praet_pred:1;siebie_qub_interp:1;praet_ppron3_fin:1;qub_adv_praet:38;adj_ppron3_ger:1;inf_qub_pcon:2;subst_praet_prep:136;interp_ppron12_prep:2;adj_adj_ppas:1;comp_qub_prep:10;adj_fin_adj:2;subst_pred_conj:2;empty_subst_qub:46;adj_fin_inf:3;pact_adv_comp:1;qub_depr_adj:1;conj_qub_pcon:11;fin_comp_interp:1;fin_conj_qub:2;inf_subst_qub:6;aglt_siebie_adv:1;adj_interp_qub:27;subst_fin_ppas:2;inf_ppron12_adj:1;num_subst_praet:19;adv_subst_adj:20;inf_adv_praet:2;adv_conj_ppron12:1;impt_interp_fin:1;interp_ger_subst:3;praet_interp_comp:101;adv_subst_adv:4;subst_interp_adjc:1;ppas_subst_conj:8;prep_adv_ppron3:1;praet_conj_subst:31;praet_conj_praet:64;adj_inf_adv:1;empty_adv_praet:8;conj_interp_empty:1;fin_conj_ppron12:1;praet_qub_adj:31;subst_adj_pact:1;ger_subst_adj:3;conj_fin_subst:7;ppron12_interp_empty:10;ppron3_adj_subst:27;empty_pcon_ppron3:1;empty_conj_imps:3;empty_conj_pant:1;imps_ppron3_interp:1;prep_adjp_qub:1;num_conj_num:1;qub_adj_comp:1;praet_qub_adv:40;conj_adj_ppron12:1;conj_ppron3_conj:1;adj_ppron12_praet:1;comp_conj_ppron3:1;prep_adj_conj:12;interp_depr_conj:1;empty_adj_qub:7;prep_subst_adv:71;ppron12_ppas_adj:1;ppas_interp_qub:4;praet_pant_prep:2;ger_subst_praet:2;ppron3_imps_conj:2;empty_pcon_qub:1;adjp_interp_conj:2;siebie_adv_adv:1;adj_ppron3_fin:4;bedzie_prep_subst:1;inf_interp_imps:1;subst_adv_ppron3:8;num_interp_conj:4;adj_inf_conj:3;ppron12_siebie_fin:3;empty_comp_interp:3;ppron3_prep_adj:21;pcon_conj_pcon:3;prep_adv_conj:1;inf_winien_interp:1;interp_praet_subst:98;num_praet_qub:1;conj_adv_interp:23;conj_adv_qub:22;empty_interp_fin:10;ppas_praet_interp:8;interp_pact_prep:12;subst_adj_praet:69;conj_pact_qub:2;inf_qub_prep:24;fin_qub_num:4;subst_pred_interp:3;ger_qub_fin:1;conj_ger_adv:1;praet_qub_conj:18;adj_inf_ppron12:3;praet_adv_interp:58;qub_qub_praet:44;num_subst_interp:24;fin_subst_empty:1;interp_prep_burk:1;adj_conj_pcon:3;interp_praet_pcon:5;praet_inf_subst:16;praet_siebie_adv:1;num_qub_interp:2;inf_fin_adv:2;pred_praet_qub:1;subst_ppron3_pant:1;subst_qub_qub:37;subst_ppron12_interp:1;praet_subst_ppas:1;qub_prep_ppron3:52;interp_impt_adj:5;interp_imps_subst:2;inf_prep_depr:1;interp_prep_adj:104;subst_subst_ger:1;interp_prep_adv:2;conj_conj_subst:5;subst_conj_interp:3;interp_impt_adv:1;qub_inf_interp:34;fin_interp_pcon:3;fin_qub_interp:19;conj_adv_comp:1;empty_pred_comp:1;subst_ppron12_fin:6;inf_subst_subst:8;qub_qub_siebie:1;subst_inf_subst:15;pred_adj_prep:1;adv_qub_siebie:1;interp_adj_comp:2;conj_adj_prep:13;interp_prep_pact:1;adj_ppron3_qub:5;comp_qub_imps:1;fin_inf_conj:1;adj_subst_fin:45;pcon_subst_inf:2;interp_adj_subst:120;pcon_qub_num:2;subst_adv_adjc:1;aglt_qub_praet:2;adv_praet_ppas:3;ppron12_imps_adv:1;comp_fin_adj:3;subst_num_qub:2;subst_pcon_inf:1;comp_fin_adv:1;inf_bedzie_conj:1;impt_interp_impt:3;interp_subst_interp:125;brev_interp_num:1;inf_ppas_interp:1;pact_subst_ppron3:1;conj_praet_pant:1;praet_pred_siebie:1;adv_qub_num:1;fin_interp_empty:105;fin_adj_praet:1;inf_adv_inf:2;ppron12_subst_subst:2;comp_praet_pred:1;qub_subst_conj:29;praet_siebie_interp:4;qub_qub_bedzie:1;subst_fin_subst:27;prep_pact_prep:1;empty_imps_qub:1;adj_num_praet:3;inf_adv_qub:5;subst_qub_adv:31;interp_adv_inf:5;interp_conj_pred:8;subst_qub_adj:24;conj_ppron3_subst:8;fin_qub_imps:1;ppron12_ppron3_adj:1;pred_praet_adj:4;winien_aglt_adj:1;interp_conj_prep:98;subst_ppron12_ppron12:1;prep_burk_praet:1;subst_imps_ppron3:3;inf_siebie_prep:1;praet_qub_prep:95;subst_comp_ppas:2;ppron3_qub_pred:2;num_qub_qub:1;subst_adv_empty:1;ppas_prep_adj:10;subst_adj_inf:15;qub_pcon_ppron3:2;interp_impt_interp:6;adv_comp_adj:2;adj_fin_num:1;ppron3_qub_prep:10;subst_interp_impt:9;pred_comp_inf:1;subst_interp_imps:12;fin_conj_adv:5;empty_ger_ppron3:2;inf_interp_empty:67;pred_comp_adj:1;adj_ppron3_inf:1;conj_inf_adj:2;fin_conj_adj:6;interp_comp_conj:4;interp_ger_prep:1;subst_ppron12_adv:4;interp_impt_conj:2;qub_adv_subst:20;empty_prep_burk:1;subst_conj_ger:5;pant_interp_prep:2;praet_subst_ppron3:2;inf_adj_conj:1;siebie_winien_interp:1;ppron12_num_conj:1;subst_comp_fin:1;empty_impt_subst:1;qub_adv_ppron12:1;pant_subst_praet:1;inf_qub_fin:11;conj_conj_prep:1;fin_interp_conj:49;num_praet_subst:4;comp_praet_prep:10;interp_ppron12_fin:2";34771;"/mnt/requests/fextor2/progress/1c6a1e875f8e1dcaccab71879649097521c77f9e/historia-kolka-w-plocie.txt;/mnt/requests/fextor2/progress/1c6a1e875f8e1dcaccab71879649097521c77f9e/historia-kolka-w-plocie.txt";true
