base;orth;interp_signs;lex_classes;proper_names;verb12;bigrams;trigrams;tok_count;doc_name;true
"mały:13;można:11;rok:17;ważny:3;oznaczać:1;ale:144;dużo:21;matka:15;wpływ:12;długi:7;rząd:2;towarzystwo:15;ty:61;tytuł:8;postępowanie:1;to:234;dlatego:13;praca:3;miasto:8;żyć:7;pamiętać:9;zadanie:1;daleki:4;daleko:31;obecnie:1;dziękować:2;podstawa:2;jakby:1;liczyć:2;koło:8;zły:15;ten:215;za:78;duży:15;wielki:21;młody:21;sąd:3;przepis:1;aby:6;początek:1;się:527;woda:9;bliski:8;długo:10;zobaczyć:7;zmienić:5;miesiąc:9;tekst:1;wzgląd:5;pracować:4;tu:25;zawsze:24;swój:136;fakt:3;żeby:2;przedstawiciel:1;że:281;przygotować:1;cztery:1;godzina:8;wiele:11;społeczny:6;znać:24;członek:23;słowo:37;nigdy:27;myśleć:13;według:6;polityka:1;też:16;jednak:26;my:38;czy:82;albo:25;gdyby:68;wspólny:5;język:12;rozpocząć:3;także:5;tam:16;koniec:1;spotkanie:4;tak:86;czyli:1;przy:34;późno:8;dwa:33;przykład:2;natomiast:3;prezes:20;dzięki:3;twarz:27;rozwój:1;czekać:2;pełny:2;a:216;ogół:3;dobry:21;gdyż:12;prawny:1;człowiek:102;trochę:1;około:6;pani:109;rozmowa:15;forma:2;zostać:17;patrzyć:2;miejsce:10;część:7;przypadek:3;chcieć:55;lecz:19;wcześnie:3;cel:9;noc:1;siła:13;charakter:7;bóg:7;oko:41;nawet:54;powinien:17;tyle:16;kościół:2;jednostka:1;narodowy:1;tysiąc:2;chwila:39;kraj:5;spółka:1;prawo:15;widzieć:29;wszyscy:17;odpowiedź:1;kiedy:18;ponad:1;śmierć:6;mój:172;nic:16;stać:13;móc:88;czas:27;punkt:3;więc:50;mimo:11;badanie:2;prawie:5;chodzić:13;w:444;pieniądz:3;mówić:40;jakiś:57;trwać:3;wziąć:13;polityczny:1;dojść:5;napisać:2;dać:20;przez:32;system:1;przed:50;dlaczego:19;państwo:2;pisać:4;ulica:10;wniosek:3;trzeci:7;powstać:6;granica:7;bez:35;kto:28;przedstawić:5;gdzie:11;sposób:4;życie:48;rozumieć:11;sam:43;wszystek:57;tutaj:1;ani:54;milion:3;raz:32;wiadomo:1;świat:7;trudno:2;zresztą:12;wysokość:1;dopiero:10;rodzaj:2;tylko:98;usługa:2;plac:1;prosty:10;typ:1;dom:16;głos:9;dzień:16;jeżeli:34;cały:38;środek:6;mężczyzna:35;dobrze:18;uważać:6;służba:1;wyglądać:4;robić:20;być:924;rozwiązanie:1;wymagać:3;wypadek:12;jak:112;opinia:4;dziecko:19;wysoki:9;do:223;ustawa:4;autor:3;proces:1;wówczas:3;większość:2;prawda:24;rzecz:5;możliwość:1;iż:4;inny:53;zajmować:6;zacząć:33;ponieważ:7;dla:109;książka:7;rada:3;klub:33;lub:61;niestety:2;podczas:9;jeden:56;niż:30;klient:1;ja:394;dziś:21;powiedzieć:31;stanowisko:5;ile:18;iść:13;prowadzić:5;dawać:3;udać:3;brak:4;szybko:5;prezydent:1;co:31;związać:3;droga:16;trzeba:8;pod:29;grać:6;ciąg:3;trzy:2;strona:12;ręka:26;wartość:9;po:94;zaś:22;potem:11;minister:1;nowy:8;urząd:1;związek:10;chyba:9;ojciec:25;właśnie:8;brać:1;jedynie:6;budowa:1;publiczny:8;wiedzieć:40;nikt:16;pan:20;teraz:19;kobieta:88;przyjąć:11;ciało:12;coś:18;każdy:44;syn:8;mieć:94;nie:568;niektóry:2;moment:1;dyrektor:1;który:298;znaleźć:15;powód:3;i:564;podobny:7;twój:23;stanowić:8;jeszcze:30;gdy:53;zdanie:1;wczoraj:1;określić:2;mieszkaniec:1;bank:5;okazać:2;pierwszy:18;góra:2;jako:23;myśl:25;jaki:31;wydać:4;wobec:12;różny:5;tydzień:4;imię:3;już:46;kilka:32;taki:55;musieć:25;twierdzić:4;mieszkanie:5;wydawać:6;również:12;lekarz:2;właściciel:2;bowiem:10;zasada:3;aż:6;czuć:15;wśród:2;sprawa:8;może:28;poza:13;władza:1;bardzo:65;między:16;mało:20;otrzymać:3;bo:63;dostać:3;wtedy:20;by:111;uwaga:16;on:682;złoty:1;połowa:4;od:77;o:131;oba:8;osoba:8;grupa:1;coraz:7;wszystko:19;wiek:10;szkoła:3;ktoś:19;zakład:1;gazeta:3;główny:3;rodzina:6;przecież:11;istnieć:6;postać:12;zrobić:19;wybrać:5;żaden:41;jeśli:12;stary:15;obowiązek:11;wrócić:7;należeć:18;pytanie:15;często:19;ostatni:8;temu:2;potrafić:2;uczeń:1;polski:2;pójść:12;własny:10;z:402;choć:1;potrzeba:7;pewny:1;głowa:35;wyjść:21;nad:18;no:7;na:300;udział:1;rola:2;gra:3;pomoc:3;zgodnie:1;przyjść:12;stan:4;klasa:1;nasz:48;oraz:3;drugi:29;prosić:17;u:13;usta:24";"tych:24;gdy:38;niej:52;ale:122;będzie:12;go:58;co:63;pani:94;sobie:79;tu:20;to:206;jak:102;siebie:42;wszystko:13;te:21;lecz:19;do:221;dzieci:10;już:42;nawet:51;tej:29;ten:36;tym:11;ze:50;za:71;aż:6;są:28;mu:46;dla:100;niego:25;kiedy:13;może:46;lub:60;jakby:1;było:18;się:527;bo:45;tego:47;więc:40;mnie:180;je:35;ja:63;on:49;z:331;od:64;oczy:22;o:123;ludzi:19;w:394;ci:17;zawsze:22;ona:51;żeby:2;że:280;pod:24;był:50;przez:30;by:111;przed:42;jej:90;po:78;jego:54;być:38;ma:22;mi:110;bez:33;kto:11;gdzie:9;była:24;im:5;jednak:26;czy:54;sam:15;ani:50;też:16;jest:104;tam:14;raz:11;tak:68;nad:14;na:279;nas:20;nich:19;ją:62;pan:90;teraz:14;nim:33;nic:12;coś:14;tylko:95;nie:485;ich:37;który:75;a:174;i:527;u:11;ku:9;przy:31;jeszcze:30";"exclamation_mark:70;semicolon:42;question_mark:231;fullstop:1356;colon:116;comma:2512";"adjc_count:2;pcon_count:104;ger_count:129;siebie_count:143;burk_count:7;adj_count:6385;ppron12_count:508;pact_count:96;praet_count:1848;qub_count:1927;winien_count:19;verb_count:5207;comp_count:588;aglt_count:537;noun_count:7614;adja_count:1;ppron3_count:682;adv_count:1320;ppas_count:241;bedzie_count:31;subst_count:6424;pred_count:131;interp_count:5470;prep_count:2222;fin_count:1515;interj_count:46;num_count:170;impt_count:75;adjp_count:12;conj_count:1294;pant_count:60;inf_count:514;brev_count:24;imps_count:38";"first_names:60;country_names:2;surnames:64;city_names:16;road_names:4";1211;"ppron3_ppas:4;fin_ger:1;ppron3_empty:2;praet_num:8;siebie_empty:1;impt_subst:14;qub_conj:31;pact_conj:3;interp_interp:173;prep_conj:1;adjp_fin:1;interp_interj:31;fin_conj:57;inf_siebie:8;conj_brev:2;interp_adv:249;praet_ppron3:67;praet_ger:1;interp_xxx:1;fin_prep:149;pact_qub:15;adv_fin:91;impt_num:1;comp_winien:1;ppron12_subst:81;comp_praet:47;ppas_prep:64;prep_ppron12:113;adv_siebie:1;pred_qub:25;interp_ppas:49;prep_praet:1;prep_interp:11;ppas_conj:11;adv_winien:3;ppas_interp:42;adv_conj:28;pcon_num:1;adjp_praet:1;inf_ppas:5;ppron12_imps:1;imps_prep:8;ppas_subst:93;adv_ger:2;empty_brev:2;pact_subst:29;empty_conj:72;bedzie_ppas:1;aglt_subst:90;ppron3_comp:1;comp_inf:11;siebie_interp:42;comp_ppron12:17;num_num:1;ppron12_inf:13;imps_conj:1;pred_interp:13;comp_pred:4;impt_adv:9;adv_ppron12:31;comp_prep:57;siebie_ppas:1;pant_prep:15;qub_interp:166;conj_num:5;fin_num:11;fin_pred:21;subst_ger:42;bedzie_ppron3:1;inf_inf:1;pred_subst:28;qub_ppron3:41;inf_subst:73;pact_fin:1;adj_comp:4;fin_adv:67;siebie_inf:8;siebie_subst:36;subst_imps:11;ppron12_siebie:2;adj_qub:60;subst_impt:2;fin_adj:158;interp_brev:4;subst_conj:326;subst_burk:3;conj_subst:301;qub_adv:130;adj_subst:1642;subst_siebie:2;adv_num:10;inf_ppron3:17;impt_qub:18;pred_ppron12:4;conj_prep:99;ppas_adj:11;ger_adj:22;ppron3_qub:50;impt_interp:9;bedzie_burk:1;comp_pcon:2;bedzie_interp:6;fin_subst:224;conj_pred:5;num_brev:3;pred_prep:3;ppas_adv:8;ger_adv:2;adj_pcon:3;ppas_qub:4;conj_interp:20;ppron3_inf:36;adj_empty:7;prep_pact:6;pcon_siebie:1;comp_siebie:1;winien_adv:1;empty_inf:5;adv_prep:99;pant_adj:10;aglt_adv:40;imps_interp:7;qub_winien:5;pact_inf:4;aglt_adj:43;adv_pred:3;pant_adv:2;pcon_prep:24;qub_pcon:16;impt_ppron12:11;ppron3_ppron12:8;fin_siebie:13;interp_ppron3:17;comp_aglt:22;prep_subst:1070;xxx_subst:1;pred_bedzie:2;xxx_xxx:3;empty_impt:24;empty_imps:2;praet_subst:198;subst_interp:2531;fin_praet:2;comp_interp:14;adv_adj:183;subst_ppron12:29;num_praet:5;adjp_subst:2;adv_adv:96;prep_ppron3:178;conj_xxx:1;praet_prep:184;pred_praet:3;qub_ppron12:29;ppron3_ppron3:3;qub_adj:135;praet_pred:8;pant_siebie:2;inf_ppron12:3;aglt_qub:76;subst_adv:145;prep_prep:6;fin_fin:1;aglt_adjc:1;adj_ppron12:31;interp_fin:226;empty_prep:122;subst_adj:634;conj_praet:134;qub_comp:3;ppron12_pact:1;empty_ppas:9;pred_fin:7;qub_fin:330;empty_num:7;pcon_inf:4;ppron3_conj:15;adj_pact:3;subst_pant:1;qub_bedzie:12;winien_inf:4;pant_pact:1;qub_aglt:47;fin_interp:393;pant_praet:1;praet_aglt:457;ppron3_brev:1;prep_adv:27;ppron12_prep:49;adj_ppron3:43;empty_praet:162;aglt_prep:88;prep_adj:604;fin_ppas:12;siebie_num:1;interp_siebie:2;praet_siebie:10;interp_conj:505;aglt_ppron3:29;praet_comp:1;ppron3_imps:3;pant_ppron12:4;ppron3_pant:1;praet_empty:1;qub_num:10;prep_burk:1;inf_bedzie:2;ppas_ppron3:2;praet_qub:259;interp_pant:26;comp_qub:76;subst_qub:219;siebie_fin:1;pcon_fin:1;ger_fin:1;interp_pcon:44;adj_inf:14;siebie_adv:10;pred_num:1;siebie_adj:25;ger_subst:42;prep_num:54;conj_burk:1;ppron3_adv:55;subst_ppron3:48;inf_praet:7;qub_ppas:9;praet_conj:37;pant_qub:10;comp_fin:64;subst_pcon:3;conj_pant:4;pant_subst:5;impt_siebie:2;adj_ger:15;pred_comp:1;ppron3_siebie:2;adv_pact:13;conj_pact:9;interp_inf:26;qub_imps:3;qub_impt:15;ger_praet:2;adj_imps:2;ppron3_num:3;subst_fin:306;adj_winien:1;ger_interp:7;pcon_subst:20;interp_comp:471;adv_qub:99;comp_pant:4;adj_conj:114;ppron12_praet:50;aglt_praet:8;bedzie_praet:4;num_ppas:2;imps_inf:3;interp_ger:3;winien_siebie:1;ppron3_interp:77;comp_comp:6;bedzie_subst:5;adja_interp:1;prep_comp:3;pact_ppron12:2;pcon_qub:8;praet_ppas:8;adv_inf:33;interp_winien:2;qub_siebie:3;pcon_ppron3:7;siebie_praet:2;interp_pact:42;subst_bedzie:5;winien_aglt:11;bedzie_adj:6;inf_adj:70;comp_subst:106;prep_adjp:12;interp_qub:294;num_prep:5;praet_adj:131;interp_ppron12:28;inf_conj:20;num_fin:8;ppron12_fin:53;praet_adv:70;num_conj:6;pred_pant:1;aglt_inf:31;qub_subst:252;adjp_interp:7;qub_praet:273;empty_pcon:12;subst_winien:3;pcon_adv:4;aglt_conj:17;impt_prep:4;pcon_adj:11;pant_fin:1;comp_conj:11;conj_siebie:5;conj_adj:162;conj_pcon:9;ppas_fin:1;prep_qub:5;aglt_ppas:4;siebie_ppron3:1;aglt_ppron12:4;empty_ger:2;praet_interp:224;pact_interp:8;adj_prep:128;ppron12_interp:71;adj_num:3;adj_pred:9;empty_ppron3:18;adj_pant:2;pred_ppron3:2;praet_adjc:1;subst_pact:10;adjc_interp:2;conj_fin:92;adj_fin:108;pact_prep:16;adv_pcon:4;adv_praet:132;fin_comp:1;empty_fin:85;adj_adv:45;num_qub:4;subst_prep:455;bedzie_ppron12:2;ppron3_praet:50;fin_qub:150;subst_pred:12;ppron12_num:2;adj_adj:182;burk_interp:1;ppron12_qub:72;aglt_num:3;conj_qub:143;interp_bedzie:3;pcon_conj:2;adjp_ger:1;pred_conj:1;ppron12_conj:16;subst_inf:87;qub_inf:59;interj_interp:46;conj_conj:18;fin_inf:76;subst_praet:404;conj_ppron12:38;impt_conj:1;adv_comp:3;ppron12_ppron3:9;ppron3_prep:70;empty_adj:87;empty_adv:133;ppas_praet:5;comp_imps:1;adv_ppas:41;ger_siebie:2;ppron3_subst:194;interp_num:18;fin_brev:1;praet_brev:1;brev_interp:16;pact_ppron3:3;pcon_interp:8;subst_brev:2;siebie_conj:1;imps_subst:6;adv_interp:263;inf_qub:64;ppron3_winien:2;inf_fin:15;praet_praet:4;interp_imps:4;interp_impt:26;ppron12_ppron12:4;praet_pcon:2;adj_siebie:5;adv_ppron3:29;pant_interp:5;interp_praet:373;conj_bedzie:3;winien_interp:1;empty_interj:15;num_ppron12:2;inf_prep:67;comp_num:3;inf_pred:6;empty_interp:486;adj_praet:127;burk_imps:1;interp_adj:468;num_inf:1;interp_empty:1697;empty_ppron12:15;empty_pant:13;conj_inf:40;conj_comp:24;subst_subst:640;ppron3_adj:45;xxx_ppas:1;imps_ppron12:5;impt_ppron3:1;qub_ger:3;conj_ger:9;inf_winien:1;fin_ppron12:44;num_interp:22;pred_ppas:2;interp_subst:408;qub_prep:225;adv_bedzie:2;pant_ppron3:4;qub_pred:22;winien_adj:1;fin_pact:1;bedzie_prep:1;subst_comp:6;pcon_ppron12:4;bedzie_pred:3;adj_interp:572;subst_num:26;ger_prep:11;empty_pred:18;interp_pred:20;pact_adj:5;imps_adj:6;empty_comp:64;fin_ppron3:68;prep_ppas:20;conj_ppron3:26;adv_subst:140;interp_prep:259;pact_adv:6;imps_adv:1;inf_interp:137;ppron3_ger:3;adj_ppas:11;praet_ppron12:80;comp_ppas:4;siebie_prep:9;inf_adv:16;ppron12_adj:42;aglt_pact:1;empty_subst:210;bedzie_adv:1;interp_burk:1;aglt_siebie:13;ger_qub:24;ppron12_adv:42;aglt_interp:89;subst_adja:1;conj_impt:3;conj_imps:4;adv_impt:1;comp_adv:26;prep_ger:42;adv_imps:6;num_adj:22;num_adv:2;burk_prep:5;comp_adj:54;pred_adv:9;subst_ppas:40;empty_qub:145;prep_siebie:68;adj_bedzie:1;subst_empty:4;conj_adv:119;pred_inf:15;siebie_qub:5;praet_pact:2;adv_pant:2;pred_adj:14;imps_ppron3:1;impt_adj:1;empty_winien:1;ppron3_fin:57;empty_pact:3;praet_inf:43;comp_bedzie:1;comp_ppron3:56;inf_num:2;qub_qub:102;conj_ppas:18;num_subst:87;ger_ppron3:11;qub_pant:6";"inf_adv_adj:2;ppas_qub_subst:1;siebie_interp_qub:3;comp_imps_adj:1;interp_ppron12_conj:3;qub_prep_interp:2;aglt_qub_prep:26;adv_inf_qub:5;empty_impt_prep:2;adv_inf_subst:5;qub_prep_ger:4;interp_ger_subst:1;pred_adj_interp:2;adj_interp_ppron3:1;winien_adv_inf:1;qub_fin_subst:37;praet_ppron12_prep:10;adj_num_subst:2;comp_ppron12_fin:2;fin_ppas_prep:4;empty_qub_pcon:3;subst_adj_ppas:2;empty_prep_adjp:1;ppron12_siebie_adj:1;interp_adj_inf:3;qub_aglt_ppron3:2;fin_adj_ppron3:1;pcon_siebie_subst:1;comp_ppron12_praet:3;inf_fin_subst:1;empty_adv_conj:3;interp_fin_subst:42;subst_ppron12_adj:1;conj_pcon_ppron3:1;praet_interp_ppas:1;interp_ppron12_praet:3;subst_praet_ppron3:20;ppron3_interp_conj:5;subst_praet_inf:9;ppron3_qub_adv:5;fin_ppron12_qub:7;comp_adv_praet:9;empty_comp_imps:1;praet_adv_prep:7;adv_inf_praet:3;xxx_xxx_ppas:1;qub_inf_conj:1;comp_qub_interp:1;adv_interp_empty:89;subst_ger_ppron3:4;ppron3_subst_qub:10;ppas_interp_fin:2;ppron12_subst_fin:5;fin_interp_subst:17;ppron12_pact_subst:1;adj_adv_interp:2;ppron3_fin_ppron12:1;pred_interp_subst:1;conj_prep_ppron3:5;aglt_subst_qub:5;interj_interp_adv:5;qub_interp_praet:11;interp_subst_pant:1;pact_prep_subst:6;adj_siebie_interp:3;conj_qub_winien:1;adj_pact_prep:1;praet_comp_adj:1;conj_imps_adj:1;inf_adv_adv:1;ppron3_fin_siebie:1;interj_interp_conj:3;interj_interp_adj:1;empty_interp_subst:85;comp_num_praet:1;inf_pred_interp:2;comp_praet_interp:1;prep_pact_subst:3;fin_adj_ppas:1;empty_praet_interp:7;empty_qub_imps:1;empty_qub_impt:7;conj_comp_qub:2;qub_inf_qub:4;pred_subst_qub:3;ppron12_adv_qub:5;siebie_adj_subst:15;interp_siebie_interp:1;praet_interp_adj:5;ppron3_ppron12_adj:1;conj_adj_interp:32;interp_conj_ppron3:12;aglt_conj_praet:4;qub_fin_ppas:5;adj_praet_qub:25;praet_interp_adv:10;ppron12_fin_qub:4;conj_subst_ger:5;praet_ppron3_interp:9;adv_ppron3_ppas:1;imps_prep_adj:1;pred_interp_interp:3;ppron12_qub_ppron3:1;pcon_ppron12_subst:1;ppron12_praet_ger:1;aglt_qub_subst:12;conj_qub_conj:1;inf_ppron3_interp:1;pred_ppron12_interp:1;inf_interp_comp:12;subst_ppron3_ppron12:1;num_subst_ppron3:1;fin_inf_ppas:1;empty_comp_subst:12;subst_pcon_interp:1;subst_praet_interp:58;qub_interp_comp:34;subst_inf_prep:9;empty_adj_praet:3;adj_prep_siebie:8;conj_subst_empty:1;conj_conj_adj:5;conj_conj_adv:1;empty_interj_interp:15;conj_inf_subst:4;qub_interp_conj:13;adj_empty_empty:7;interp_pcon_prep:16;subst_conj_inf:7;adv_ppron12_subst:4;ppron12_subst_ppas:1;comp_subst_imps:1;pcon_prep_subst:16;ppron3_qub_qub:4;ger_subst_subst:5;qub_subst_pred:2;interp_comp_comp:6;interp_adv_praet:16;praet_aglt_pact:1;prep_prep_ppas:1;subst_inf_fin:5;praet_interp_inf:1;ppas_conj_pact:2;qub_subst_prep:24;qub_ppron12_praet:2;imps_subst_prep:2;empty_interp_adj:25;ppron12_inf_interp:9;fin_interp_comp:62;pred_inf_subst:5;comp_subst_prep:4;fin_adv_inf:4;adv_praet_interp:19;ppron3_subst_pact:1;conj_ppas_adv:2;fin_pred_subst:11;subst_prep_num:12;ppas_interp_prep:1;subst_fin_prep:29;adj_conj_subst:7;adj_conj_ppas:6;conj_subst_num:1;ppron12_adv_interp:12;qub_adj_praet:3;ppas_interp_pred:1;subst_fin_pred:1;comp_conj_fin:3;ppron12_subst_subst:8;ger_qub_subst:3;subst_adja_interp:1;inf_num_adj:1;ppas_fin_prep:1;adj_conj_interp:1;adj_ger_ppron3:2;adv_adv_prep:4;comp_adj_ger:1;praet_inf_conj:1;aglt_ppron3_qub:5;qub_adj_adv:3;adv_pcon_prep:2;siebie_interp_conj:8;interp_qub_pcon:7;ppron12_ppron3_adv:1;subst_ger_subst:14;qub_num_praet:1;adj_prep_subst:39;subst_praet_num:2;adv_fin_prep:9;ppas_subst_subst:13;conj_num_adj:1;adj_interp_praet:24;adv_subst_prep:10;subst_interp_ppas:32;empty_ppron12_conj:1;praet_adj_conj:10;adjp_subst_fin:1;ppas_interp_conj:3;comp_qub_adv:3;ger_ppron3_interp:4;adv_conj_subst:4;subst_conj_subst:117;pant_ppron3_prep:1;interp_num_prep:1;ppron12_interp_adv:6;comp_prep_ppron12:3;inf_ppron12_prep:1;fin_fin_inf:1;inf_subst_ppas:1;praet_adj_prep:5;adj_adj_interp:17;subst_conj_ppron3:3;comp_qub_adj:8;fin_inf_adj:18;interp_inf_siebie:1;qub_inf_praet:1;empty_inf_pred:1;empty_subst_interp:34;comp_adj_prep:7;conj_praet_pact:1;interp_empty_empty:1697;empty_pant_ppron3:1;subst_pact_conj:1;xxx_subst_interp:1;fin_inf_adv:2;winien_adj_interp:1;qub_ger_subst:2;imps_interp_fin:1;qub_praet_interp:46;adv_ppron12_imps:1;ppron3_ppron12_prep:1;interj_interp_qub:1;interp_qub_ppas:2;inf_fin_conj:1;subst_adv_qub:12;subst_conj_pant:1;pact_adv_interp:3;aglt_ppron12_subst:1;comp_conj_interp:1;comp_fin_ppron3:6;adv_pred_inf:1;adv_ppas_interp:13;comp_fin_ppron12:2;siebie_adv_interp:4;conj_subst_conj:5;praet_ppron12_num:1;interp_qub_ppron3:7;prep_adj_qub:10;subst_conj_ppron12:5;empty_fin_conj:3;conj_interp_praet:1;empty_interp_pant:1;interp_pred_fin:1;subst_adj_conj:42;aglt_interp_comp:23;adj_pact_qub:1;empty_comp_ppron12:1;subst_inf_siebie:1;interp_fin_prep:21;pcon_adj_interp:1;pred_qub_subst:9;conj_pant_qub:1;prep_siebie_qub:4;interp_fin_pred:3;qub_inf_siebie:2;subst_adv_prep:9;ppron12_qub_aglt:1;ppron3_adj_ppron3:1;adv_pact_adj:2;ppron3_subst_prep:11;conj_ppron12_siebie:1;num_subst_fin:4;empty_prep_num:8;ppron3_subst_fin:16;fin_conj_interp:1;impt_num_conj:1;subst_ger_interp:1;praet_subst_prep:32;interp_subst_ppron12:10;empty_num_adj:1;interp_impt_subst:7;adj_qub_adv:6;ppron12_subst_qub:6;brev_interp_brev:2;empty_fin_adj:3;pred_subst_conj:1;praet_ger_subst:1;empty_fin_adv:5;empty_interp_conj:47;empty_praet_aglt:74;praet_pred_comp:1;qub_impt_prep:1;adj_qub_adj:2;ppron12_ppron3_prep:1;ppron3_inf_conj:2;interp_pant_ppron3:1;impt_subst_adj:3;ppron3_subst_adv:5;empty_conj_inf:1;conj_qub_ppas:1;pred_adv_num:1;qub_aglt_conj:2;subst_impt_subst:1;conj_qub_inf:4;ppron3_subst_adj:7;impt_subst_adv:1;qub_adv_adv:10;ger_interp_praet:2;interp_praet_inf:3;num_adj_interp:5;adv_adv_num:1;interp_interp_fin:2;adv_praet_prep:15;subst_conj_pred:1;ppron3_interp_qub:5;adj_inf_prep:1;adv_adv_praet:18;interp_pcon_qub:4;praet_aglt_num:3;interp_interp_adj:7;impt_interp_praet:1;empty_adj_empty:7;qub_qub_ppron3:2;qub_ppron3_winien:1;adv_pact_qub:4;ppas_praet_aglt:1;comp_num_qub:1;ppron12_praet_subst:8;prep_comp_subst:1;interp_subst_pcon:1;interp_conj_pant:2;praet_praet_adj:1;ppron3_adv_imps:1;interp_burk_prep:1;ppron3_ger_qub:1;praet_prep_num:2;qub_pred_interp:4;ppas_prep_subst:40;adv_interp_xxx:1;pred_adj_adj:2;praet_aglt_adjc:1;siebie_interp_comp:7;comp_siebie_adv:1;inf_adj_interp:15;empty_fin_qub:12;conj_adj_fin:6;prep_adv_ppas:2;interp_conj_subst:112;pcon_inf_adv:1;adj_subst_num:4;ger_qub_adj:4;pant_ppron12_interp:2;adj_subst_comp:2;conj_prep_siebie:1;siebie_conj_subst:1;inf_siebie_num:1;subst_praet_siebie:4;qub_impt_qub:6;adv_praet_conj:3;siebie_subst_ger:1;ger_qub_prep:9;ppron12_praet_qub:6;interp_qub_pant:4;comp_subst_praet:18;ppron3_siebie_inf:1;imps_inf_interp:3;empty_pred_ppron3:1;empty_ppron12_praet:3;praet_conj_interp:1;comp_adv_fin:5;adj_subst_pact:1;siebie_prep_subst:6;ppron12_conj_siebie:2;pant_qub_adj:1;ppron12_inf_qub:1;siebie_ppron3_subst:1;pant_qub_adv:1;prep_qub_qub:1;comp_ppron12_adj:2;adv_ger_subst:1;comp_subst_qub:7;subst_interp_winien:2;empty_ppron12_fin:1;conj_pred_qub:2;empty_pact_qub:1;subst_adj_pred:1;interp_num_brev:1;conj_ppron3_inf:1;prep_interp_adj:2;inf_conj_praet:1;subst_adj_prep:24;adj_subst_conj:116;prep_siebie_inf:1;fin_interp_ppron3:1;adj_prep_adj:35;empty_adj_conj:3;fin_num_subst:7;qub_subst_interp:102;fin_interp_adj:10;ppron3_praet_ppas:1;empty_empty_brev:2;aglt_adv_num:2;comp_qub_ppron3:3;fin_interp_adv:15;empty_empty_praet:162;interp_subst_inf:6;num_subst_conj:7;empty_adj_ppron3:1;inf_prep_interp:1;praet_pred_subst:4;interp_ppron3_adv:2;interp_pcon_ppron12:3;pred_qub_interp:1;empty_fin_ppron12:5;siebie_inf_adj:1;subst_comp_qub:1;interp_ppas_fin:1;interp_prep_siebie:2;num_subst_prep:6;empty_pcon_subst:1;interp_ppron3_adj:1;adj_ppron3_praet:7;ppron12_ppron3_winien:1;aglt_adjc_interp:1;pcon_conj_subst:1;empty_empty_prep:122;comp_aglt_adj:1;empty_pant_ppron12:1;adv_comp_aglt:2;comp_aglt_adv:4;pact_interp_adj:1;inf_interp_inf:5;interp_conj_ppas:1;adv_qub_ppron3:2;subst_fin_adj:37;pant_pact_interp:1;ppron3_qub_ppron12:1;conj_pact_conj:1;subst_qub_ppron12:1;ppron3_qub_conj:1;subst_qub_inf:3;adv_adj_fin:5;ppron12_ppron3_interp:1;adj_prep_adv:2;prep_subst_interp:414;prep_ger_subst:14;pant_adj_ppas:1;interp_adv_subst:40;empty_adj_adj:8;empty_comp_prep:5;qub_siebie_prep:2;winien_aglt_inf:7;empty_interp_comp:17;empty_interp_praet:13;imps_prep_subst:6;qub_adj_conj:4;empty_comp_pred:1;aglt_adj_interp:12;qub_aglt_siebie:1;fin_ppas_adj:2;adj_inf_qub:5;conj_qub_adv:8;empty_conj_adj:3;fin_inf_qub:7;ppron3_subst_inf:7;interp_pcon_interp:2;adj_subst_bedzie:2;empty_conj_adv:6;qub_ppron3_inf:2;pcon_ppron12_prep:1;qub_praet_ppron3:9;interp_conj_adj:52;adv_adv_ppron12:1;ger_siebie_subst:1;qub_interp_adj:7;qub_interp_empty:37;conj_ppron12_inf:1;ppron3_fin_adj:6;fin_subst_interp:99;pred_ppron12_inf:1;subst_ger_prep:5;praet_pcon_interp:1;qub_interp_adv:9;empty_ppas_prep:3;interp_conj_adv:62;adv_adj_ger:2;fin_siebie_inf:1;interp_ppron12_prep:3;impt_siebie_subst:1;ger_qub_ppron3:1;interp_fin_ppron12:13;subst_interp_ppron12:7;prep_adj_praet:23;praet_conj_subst:8;comp_conj_subst:3;praet_ppron12_conj:4;ppron12_prep_adj:8;pant_adj_adj:2;prep_num_ppron12:2;ppron3_adv_num:2;siebie_inf_subst:1;inf_prep_adj:12;ppron3_inf_prep:4;conj_adj_pred:1;ppron3_num_subst:1;pred_comp_interp:1;conj_num_ppas:1;ppron3_inf_pred:1;conj_adj_prep:7;empty_ppron12_adv:1;subst_interp_interj:2;empty_empty_ppron12:15;fin_prep_siebie:13;inf_prep_adv:3;adj_subst_inf:23;pcon_inf_subst:1;num_qub_qub:1;adv_qub_qub:5;adv_praet_ppron12:7;pact_inf_prep:2;adj_comp_fin:1;pact_qub_adj:2;prep_ger_ppron3:3;winien_aglt_prep:1;empty_ppas_subst:3;pant_fin_subst:1;qub_aglt_subst:3;siebie_interp_empty:12;conj_qub_bedzie:3;aglt_qub_ppron3:2;conj_qub_imps:1;ppron3_qub_adj:3;pact_ppron12_adv:1;subst_pact_fin:1;prep_subst_fin:42;ppron12_ppron3_subst:1;prep_ppron12_adv:5;praet_qub_inf:15;qub_subst_praet:13;interp_conj_qub:82;prep_ppron3_qub:10;ppas_adj_fin:1;prep_ger_interp:3;adv_comp_subst:1;subst_inf_pred:3;prep_ppron12_adj:15;adj_ppron3_ppron3:1;interj_interp_empty:6;praet_prep_ppas:1;empty_adv_imps:2;qub_interp_qub:12;interp_adv_fin:17;interp_comp_ppas:4;adj_inf_interp:3;conj_adv_ppron12:4;praet_aglt_ppas:4;prep_prep_subst:2;conj_qub_fin:25;ppron12_subst_praet:2;empty_empty_ppron3:18;prep_subst_ger:13;conj_pcon_subst:5;adv_interp_inf:1;qub_ppron12_subst:5;conj_adj_qub:2;ppron12_praet_prep:2;prep_subst_num:6;fin_subst_prep:26;aglt_qub_interp:7;pact_prep_siebie:1;prep_num_prep:2;conj_qub_praet:24;fin_subst_praet:1;subst_ppas_qub:1;interp_comp_ppron12:16;num_interp_comp:1;ppron3_interp_empty:30;fin_interp_interp:14;ppas_praet_adj:1;adj_adj_inf:1;praet_pcon_qub:1;conj_ppron3_fin:4;adv_praet_adv:1;siebie_subst_conj:2;interp_num_ppas:1;qub_conj_praet:3;ppron3_interp_ppas:1;conj_fin_inf:6;adj_prep_pact:2;adv_praet_adj:10;ppron3_adv_inf:1;empty_pant_subst:1;pant_qub_interp:1;conj_interp_fin:5;praet_ppron3_subst:18;aglt_prep_ppron3:6;adj_prep_adjp:1;prep_adj_interp:26;imps_interp_comp:2;qub_subst_qub:11;num_fin_adj:2;pred_qub_prep:2;empty_inf_fin:1;empty_conj_ppron3:7;comp_praet_aglt:19;pact_subst_prep:3;praet_subst_num:3;empty_ppas_adv:1;fin_pred_adj:6;comp_prep_burk:1;interp_adj_bedzie:1;fin_pred_adv:2;empty_subst_subst:26;conj_siebie_praet:1;prep_num_brev:2;interp_interp_prep:1;adv_adv_conj:4;subst_adv_adv:19;pred_qub_ppron12:1;qub_fin_adv:10;adjp_interp_interp:2;prep_qub_adj:1;qub_fin_adj:28;pred_qub_inf:2;conj_fin_interp:14;subst_adv_adj:29;ppron3_siebie_adv:1;prep_ppron12_conj:4;empty_adj_qub:1;aglt_adj_qub:2;fin_qub_prep:39;ppas_interp_comp:1;ger_subst_qub:1;ppron3_interp_comp:6;siebie_qub_subst:1;siebie_interp_subst:1;conj_adv_praet:11;qub_ppron3_prep:5;fin_prep_num:1;num_adj_conj:2;impt_ppron12_interp:2;praet_subst_conj:16;subst_ppron3_imps:1;comp_fin_interp:8;interp_pact_conj:1;ppron3_adj_conj:1;adj_fin_ppron3:1;interp_fin_conj:7;subst_interp_bedzie:1;comp_ppron12_prep:1;pant_interp_praet:2;comp_ppron12_interp:1;qub_conj_ppron12:2;prep_siebie_interp:21;ppron12_conj_inf:1;adj_ger_prep:1;adv_num_fin:2;interp_pcon_inf:1;ppron12_interp_qub:2;subst_prep_adjp:2;interp_ppron3_ppron3:2;prep_siebie_prep:3;fin_ppron3_interp:8;fin_qub_adv:17;adj_interp_ppas:8;pred_interp_adj:1;qub_inf_ppron3:1;conj_adv_inf:5;fin_qub_adj:13;empty_qub_fin:26;ppron12_adv_praet:8;subst_burk_prep:3;interp_num_adj:6;subst_adv_inf:4;adv_prep_ppron3:5;pred_adv_inf:1;xxx_xxx_xxx:1;adv_ppron3_qub:5;conj_pact_ppron12:1;ppron3_adj_fin:2;pact_qub_prep:3;qub_pcon_conj:1;conj_subst_subst:42;winien_inf_interp:1;conj_qub_qub:9;interp_ppas_prep:25;empty_conj_subst:11;empty_qub_conj:4;interp_conj_imps:2;qub_ppron3_subst:9;pant_adv_subst:1;empty_subst_adj:33;empty_qub_pred:4;empty_qub_praet:23;praet_prep_adj:38;comp_bedzie_praet:1;ppron3_subst_praet:15;empty_qub_prep:7;ppron3_praet_ppron3:2;praet_prep_subst:81;adj_ger_interp:2;empty_subst_adv:4;conj_inf_ppron3:5;empty_ppron3_adj:2;brev_interp_adv:1;prep_adv_praet:1;brev_interp_empty:6;conj_adj_adv:3;inf_praet_empty:1;interj_interp_fin:1;conj_praet_ppron12:3;pcon_interp_praet:2;conj_adj_adj:10;ppas_subst_prep:7;empty_ppron3_adv:1;adv_inf_adj:2;qub_prep_ppas:3;siebie_empty_empty:1;empty_impt_qub:3;empty_adv_ppron3:7;siebie_qub_praet:1;ppron3_ppas_subst:2;subst_pant_fin:1;subst_adv_conj:3;fin_adv_subst:11;praet_inf_adj:8;impt_prep_ppron12:2;ppron12_inf_adj:1;adj_ppas_ppron3:1;inf_interp_praet:8;ppas_subst_qub:2;pred_prep_subst:1;praet_inf_adv:3;interp_adv_winien:1;prep_ppron12_prep:7;interp_qub_ppron12:8;adj_conj_brev:2;impt_conj_adv:1;ppron12_interp_impt:1;subst_conj_praet:61;interp_comp_pred:3;qub_interp_fin:7;adv_praet_ppron3:4;empty_interp_qub:95;ppron12_fin_adv:4;pact_prep_ppron3:3;prep_adv_pact:1;praet_pact_qub:1;fin_siebie_subst:4;interp_comp_prep:44;qub_interp_interp:2;qub_subst_adv:5;ppron12_praet_interp:15;pred_subst_adv:3;interp_conj_fin:32;conj_burk_interp:1;adj_prep_qub:2;pred_subst_adj:3;pcon_prep_adj:3;qub_subst_adj:34;aglt_ppas_prep:1;interp_praet_ppron3:12;fin_pred_qub:1;adv_ppron3_praet:6;adj_subst_subst:121;interp_ppas_adj:7;pact_adv_prep:2;interj_interp_comp:2;qub_praet_conj:9;inf_subst_adj:8;interp_ppas_adv:1;adj_adj_qub:1;prep_num_praet:1;empty_interp_impt:9;num_adj_subst:13;pred_fin_qub:1;interp_interp_num:1;empty_impt_adv:3;bedzie_pred_adj:1;praet_subst_pcon:1;pact_conj_pact:2;empty_impt_adj:1;ppron12_fin_subst:2;empty_fin_interp:8;empty_comp_aglt:7;comp_prep_subst:22;num_adv_interp:1;impt_interp_qub:1;praet_pred_adj:1;num_prep_ppas:1;inf_conj_subst:4;qub_aglt_inf:5;inf_interp_conj:21;conj_fin_siebie:2;comp_interp_prep:1;praet_ppron3_siebie:2;interp_fin_num:4;qub_bedzie_subst:1;ppas_adv_interp:1;siebie_interp_interp:1;prep_praet_aglt:1;comp_qub_qub:4;pred_interp_empty:6;subst_inf_adj:11;interp_qub_praet:37;ppron3_adj_interp:9;adv_interp_praet:16;prep_num_adj:7;interp_interp_subst:9;interp_pred_inf:2;adj_subst_ppron3:5;adj_adj_prep:2;prep_ppron12_inf:1;interp_adv_ppron12:14;subst_praet_subst:52;adv_pact_prep:1;praet_conj_prep:6;aglt_ppron3_subst:6;interp_adj_num:1;subst_ger_siebie:1;qub_adv_inf:6;empty_interp_ppron12:9;adj_interp_burk:1;pred_inf_qub:1;interp_adv_ppron3:7;impt_adv_prep:1;aglt_ppron12_conj:1;empty_adj_subst:43;conj_comp_aglt:2;prep_adj_adv:9;prep_adj_adj:42;adv_ppron12_qub:3;num_num_interp:1;empty_conj_comp:7;qub_num_subst:2;comp_inf_qub:3;num_fin_conj:1;adj_adv_fin:6;adj_fin_adv:6;inf_qub_adv:1;winien_inf_ppron3:1;xxx_ppas_interp:1;interp_conj_pcon:4;imps_prep_ppron3:1;aglt_inf_qub:1;adj_fin_adj:16;inf_qub_adj:4;adv_prep_interp:1;comp_winien_aglt:1;interp_pcon_ppron3:2;pact_qub_subst:8;interp_prep_praet:1;empty_pred_ppron12:1;imps_ppron12_adv:2;fin_siebie_adv:2;ppron3_brev_interp:1;siebie_qub_adj:1;impt_qub_prep:2;ppron3_ppron12_qub:2;pred_bedzie_subst:1;empty_subst_prep:10;aglt_conj_inf:3;pcon_adv_interp:2;pcon_ppron3_prep:1;adv_interp_fin:10;empty_interp_adv:46;qub_qub_subst:14;adv_interp_interp:8;conj_prep_ppas:2;imps_conj_imps:1;ppron12_subst_interp:28;comp_aglt_prep:2;subst_interp_pact:34;qub_aglt_prep:7;qub_qub_interp:7;qub_imps_inf:1;pred_interp_praet:1;empty_pred_fin:2;adv_ger_qub:1;conj_inf_prep:6;ppas_subst_adj:5;fin_subst_inf:8;ppas_adv_subst:3;fin_interp_ppron12:2;ppron12_adj_adj:4;comp_subst_ger:2;impt_ppron12_subst:4;subst_ppron3_interp:5;pant_subst_prep:1;interp_imps_ppron12:1;comp_interp_ppron3:1;siebie_subst_qub:1;fin_ppron12_inf:5;inf_qub_qub:4;ppas_qub_fin:1;interp_pant_siebie:1;interp_adv_adj:28;comp_inf_subst:1;aglt_ppron3_inf:2;aglt_praet_interp:2;prep_adjp_subst:2;interp_qub_inf:4;qub_subst_inf:6;conj_subst_inf:7;interp_comp_bedzie:1;interp_adv_adv:16;fin_adv_ger:1;inf_interp_subst:9;subst_prep_pact:1;subst_praet_ppron12:28;prep_interp_ger:1;empty_empty_adv:133;aglt_pact_qub:1;interp_xxx_xxx:1;prep_ppron12_qub:5;prep_qub_subst:2;pact_adj_conj:1;qub_comp_num:1;adv_interp_impt:2;conj_ppron3_adv:1;conj_qub_interp:6;adj_fin_interp:17;imps_interp_prep:1;burk_prep_subst:1;fin_adj_conj:7;ger_adj_interp:2;subst_pred_fin:2;inf_adj_subst:43;subst_subst_imps:2;conj_comp_subst:4;fin_num_adj:2;adj_qub_qub:3;inf_subst_conj:2;ppron12_qub_adj:2;qub_fin_ppron3:15;ppron12_qub_adv:4;inf_prep_ppron3:3;qub_ppron3_qub:6;praet_adj_subst:85;pant_adj_prep:2;num_qub_subst:2;adj_fin_siebie:1;qub_subst_ppron3:3;comp_fin_inf:6;ppron12_prep_subst:33;subst_fin_ppron12:12;prep_subst_praet:53;conj_pact_prep:2;ppron3_adv_subst:8;comp_qub_ger:2;fin_inf_ppron3:2;adv_adv_winien:1;qub_conj_impt:1;qub_conj_imps:1;inf_fin_interp:10;interp_interp_comp:3;qub_praet_adv:5;fin_subst_ger:3;qub_prep_siebie:4;empty_interp_pcon:2;impt_qub_conj:1;empty_adv_prep:6;pcon_subst_ger:1;interp_comp_winien:1;adj_conj_conj:1;empty_brev_interp:2;inf_ppron3_fin:2;pred_qub_ppas:1;prep_subst_ppron3:13;qub_praet_adj:24;impt_siebie_interp:1;pcon_adj_subst:9;interp_pcon_adv:1;fin_prep_adjp:2;praet_interp_ppron3:1;bedzie_interp_empty:3;num_conj_adj:1;num_conj_adv:1;interp_pcon_adj:4;pact_subst_conj:2;impt_interp_interp:1;praet_ppron3_ppas:1;conj_conj_fin:1;qub_comp_subst:1;fin_interp_qub:23;qub_bedzie_adv:1;praet_adv_adv:3;ppron3_fin_interp:27;ppron12_ppron3_fin:1;fin_adv_ppas:2;praet_ppron12_pact:1;prep_adjp_praet:1;adv_subst_ppron12:1;ppas_prep_ppron12:1;adv_ppron12_adj:2;bedzie_interp_ppas:1;qub_bedzie_adj:1;praet_adv_adj:15;conj_qub_ppron12:4;impt_qub_subst:9;subst_ppas_subst:17;fin_ppron3_num:1;adv_adj_subst:92;aglt_ppron3_ppas:1;subst_qub_conj:1;conj_ppron3_praet:4;qub_pred_qub:5;num_subst_ger:2;ger_qub_fin:2;adj_fin_qub:17;subst_fin_inf:12;interj_interp_subst:5;qub_conj_inf:1;praet_conj_comp:1;subst_imps_adj:2;ppron3_ppas_interp:1;bedzie_burk_prep:1;interp_comp_num:2;ppron12_adv_conj:2;adj_adv_adv:1;empty_empty_pcon:12;pact_interp_praet:1;interp_impt_interp:4;num_interp_adj:2;qub_impt_adv:2;ppron12_siebie_adv:1;inf_qub_fin:13;impt_prep_adj:2;num_interp_qub:1;interp_subst_fin:32;pred_qub_num:1;adv_pact_subst:4;empty_praet_qub:25;adv_qub_pcon:2;subst_qub_subst:6;num_interp_adv:1;prep_siebie_ppas:1;prep_prep_adj:1;interp_adj_interp:64;subst_prep_ger:17;praet_adj_interp:15;adv_ppron12_interp:3;empty_interp_pred:8;subst_subst_adj:63;adj_interp_pact:5;subst_subst_adv:12;ppron3_prep_interp:1;praet_interp_pcon:2;ppron12_interp_subst:7;bedzie_ppron12_prep:1;empty_interp_prep:42;adjp_subst_prep:1;num_fin_subst:2;interp_prep_comp:2;empty_conj_qub:12;fin_interp_ppas:1;adv_subst_num:1;aglt_siebie_prep:1;interp_comp_pcon:2;comp_subst_adv:4;siebie_subst_interp:21;interp_prep_adjp:2;empty_pant_siebie:1;comp_subst_adj:14;adv_prep_adj:26;ppas_prep_siebie:2;pred_prep_ger:1;adj_conj_inf:1;adj_adj_subst:146;conj_adv_bedzie:1;fin_ppron12_num:1;interp_adj_pant:1;qub_fin_fin:1;qub_pred_adv:2;adv_fin_interp:33;qub_inf_ppas:1;num_prep_subst:3;praet_interp_praet:19;conj_subst_ppron12:4;conj_pred_bedzie:1;comp_pred_fin:1;inf_subst_qub:1;comp_interp_interp:3;interp_fin_inf:11;empty_fin_pred:8;subst_imps_ppron12:2;conj_ppron3_ger:2;adv_prep_adv:1;ppron3_adv_qub:3;subst_ppron12_qub:5;interp_comp_fin:57;empty_fin_prep:8;interp_conj_ger:1;conj_praet_interp:24;ppron3_conj_subst:5;pred_adj_subst:9;comp_comp_subst:2;empty_interp_siebie:1;subst_fin_conj:9;prep_ppron3_conj:4;pant_subst_subst:1;adv_imps_interp:1;interp_subst_subst:54;empty_empty_subst:210;adj_conj_praet:9;ppron12_qub_qub:4;empty_adj_comp:1;aglt_qub_inf:4;conj_pant_subst:1;subst_num_fin:1;praet_num_interp:1;empty_comp_adj:4;ger_qub_interp:4;qub_qub_qub:5;empty_fin_subst:16;prep_qub_ppas:1;inf_adj_adj:3;aglt_subst_interp:32;prep_adj_fin:9;empty_comp_adv:4;subst_qub_fin:78;fin_siebie_prep:1;interp_pred_subst:4;subst_brev_interp:2;qub_adv_prep:14;subst_qub_impt:1;adv_ppron3_adj:2;subst_bedzie_adj:2;ppron3_conj_inf:1;ger_praet_ppron12:2;conj_subst_imps:1;adj_subst_ppron12:2;conj_subst_impt:1;aglt_qub_ppron12:1;burk_interp_subst:1;fin_ppron12_adj:3;qub_qub_impt:1;ppron3_ppron12_subst:1;fin_subst_subst:29;qub_adv_pact:1;adj_pact_subst:1;adv_fin_qub:8;ppron3_fin_subst:5;inf_ppron3_praet:2;conj_conj_inf:1;fin_ppas_interp:3;comp_subst_subst:13;winien_interp_empty:1;comp_fin_ppas:2;interp_adj_ppas:3;subst_adj_ger:4;pred_ppron12_subst:1;inf_ppron3_subst:6;prep_ppas_adv:1;ppas_praet_subst:1;adj_adj_ger:1;subst_ppas_praet:1;aglt_adv_interp:9;subst_subst_empty:1;fin_num_conj:1;praet_prep_adv:1;subst_praet_ppas:1;aglt_inf_interp:10;interp_adv_pcon:1;interp_ppron12_ppron12:1;qub_qub_prep:5;empty_fin_siebie:1;fin_comp_adj:1;pred_adj_fin:1;adv_winien_aglt:1;pcon_adv_ppas:1;ppas_qub_interp:1;ppron3_pant_prep:1;pred_qub_comp:1;adj_interp_fin:13;qub_qub_pred:1;num_ppas_subst:1;ppron3_interp_adv:3;adv_ppron12_ppron12:2;subst_ppron12_ppron3:1;empty_ppron12_prep:2;empty_empty_conj:72;empty_praet_adv:1;interp_qub_qub:15;adj_pred_conj:1;empty_praet_adj:7;comp_ppron3_praet:6;empty_adv_ppron12:6;empty_empty_inf:5;praet_interp_fin:3;praet_ppron3_conj:5;impt_interp_empty:2;ppron3_interp_adj:5;conj_praet_ppas:1;qub_pant_prep:1;bedzie_prep_ppron3:1;subst_subst_qub:27;inf_prep_ppas:1;inf_adv_interp:6;aglt_num_subst:1;interp_subst_winien:2;qub_prep_ppron12:19;qub_bedzie_ppron12:2;ppron3_praet_qub:3;ppron3_inf_subst:2;comp_aglt_qub:4;brev_interp_interp:1;comp_prep_pact:1;qub_conj_fin:5;ppron3_prep_adjp:1;conj_interp_comp:4;interp_praet_comp:1;fin_adv_interp:20;pred_prep_ppron3:1;conj_praet_inf:5;winien_aglt_conj:1;aglt_interp_interp:4;praet_inf_ppron12:2;subst_imps_prep:3;praet_qub_num:1;subst_ger_praet:2;qub_aglt_ppron12:2;conj_adv_fin:12;qub_pcon_prep:1;qub_impt_ppron12:2;qub_pcon_adv:2;pred_qub_fin:1;adj_subst_pcon:1;ppron12_praet_adj:4;adj_conj_comp:3;comp_adv_ppron3:1;ppron3_adv_adv:3;ppas_conj_adv:3;aglt_adj_num:1;ppron12_praet_adv:2;empty_adv_qub:13;ppron3_inf_interp:13;qub_pcon_adj:2;interp_interp_conj:5;adj_subst_brev:1;empty_interp_interp:11;adj_adj_pant:1;conj_ppron12_qub:5;interp_fin_adj:15;ppron3_praet_adv:1;ppron3_adv_adj:7;conj_pcon_ppron12:1;interp_fin_adv:17;ppron3_praet_adj:3;empty_interp_interj:11;interp_prep_ppron3:3;adj_ppron3_adj:1;bedzie_ppron12_adv:1;pact_subst_adv:2;aglt_adv_praet:2;pact_subst_adj:5;adj_prep_interp:1;comp_fin_subst:8;adj_ppron12_prep:2;adj_ppron3_adv:5;adj_ppron3_qub:1;empty_pact_ppron12:1;comp_conj_adj:4;subst_conj_pcon:3;ppron12_interp_adj:3;num_brev_interp:3;inf_prep_subst:30;ppron3_adv_pact:1;adv_interp_pant:1;comp_praet_ppron3:1;pcon_interp_comp:1;empty_empty_impt:24;subst_ger_fin:1;conj_adj_conj:3;empty_empty_imps:2;adv_fin_conj:7;aglt_num_interp:2;aglt_ppas_conj:1;comp_aglt_conj:1;interp_conj_interp:3;adv_qub_praet:33;pcon_qub_ppron3:1;pact_inf_siebie:1;subst_pact_interp:2;empty_empty_pant:13;ger_adj_praet:1;prep_subst_pact:3;inf_fin_prep:1;ppron3_prep_ppron12:3;comp_praet_inf:1;empty_comp_praet:4;imps_interp_conj:1;empty_pant_qub:5;fin_subst_num:2;adj_praet_prep:20;conj_prep_adj:29;conj_prep_adv:3;subst_subst_interp:293;subst_conj_bedzie:1;pcon_subst_adj:4;qub_fin_qub:23;conj_comp_praet:1;conj_adv_ppron3:6;empty_pcon_adj:5;praet_adjc_interp:1;interp_adj_qub:34;adj_pred_praet:2;conj_praet_subst:14;praet_inf_qub:7;ppron12_prep_ppron3:5;impt_qub_interp:5;empty_pred_prep:1;burk_imps_ppron3:1;adj_subst_ger:5;interp_adj_pcon:2;praet_qub_ppas:2;fin_conj_subst:14;pact_interp_empty:4;ppron12_interp_praet:9;siebie_adj_interp:6;ppron3_inf_adv:1;comp_qub_praet:18;praet_aglt_conj:13;comp_ppas_prep:3;comp_inf_ppron3:2;siebie_adv_num:2;qub_impt_interp:1;comp_pant_adj:1;adj_interp_interj:2;interp_ppron12_qub:5;empty_pred_inf:3;bedzie_subst_ppas:1;empty_empty_num:7;adjc_interp_empty:2;subst_adv_subst:10;interp_ger_siebie:1;comp_ppron3_adj:2;ppron12_praet_conj:1;qub_pcon_subst:1;adv_praet_qub:18;interp_inf_prep:3;adj_prep_prep:1;qub_interp_inf:2;siebie_interp_siebie:1;siebie_subst_subst:4;conj_pcon_adv:1;interp_inf_pred:1;ppron12_fin_inf:2;fin_prep_subst:56;conj_xxx_xxx:1;adv_qub_adj:5;ppron3_praet_adjc:1;impt_interp_subst:1;fin_interp_praet:25;empty_impt_interp:2;subst_adv_interp:19;adj_conj_prep:2;interp_inf_interp:4;conj_comp_ppron3:4;ppron3_imps_inf:1;ppron3_adv_praet:7;ppron3_prep_ger:2;imps_adj_subst:6;interp_subst_conj:17;prep_adv_interp:2;conj_pant_ppron3:1;pred_fin_adj:1;praet_adv_qub:1;praet_interp_empty:109;prep_conj_adj:1;fin_adj_interp:47;bedzie_ppas_subst:1;impt_subst_subst:1;conj_adj_ger:1;aglt_ppron12_inf:1;winien_inf_prep:1;empty_praet_ppron12:9;qub_adj_subst:80;aglt_prep_ppron12:3;ger_subst_conj:3;ppron3_adv_interp:10;subst_praet_adj:36;subst_praet_adv:17;pact_adj_interp:1;interp_conj_bedzie:2;conj_subst_adj:36;qub_pcon_inf:2;num_interp_praet:1;ppas_conj_qub:1;comp_pant_ppron3:1;adv_num_interp:3;subst_conj_fin:22;inf_conj_adj:2;prep_adjp_ger:1;qub_pcon_qub:3;qub_ppron3_interp:3;conj_impt_qub:1;conj_subst_adv:8;adv_adj_prep:5;qub_interp_ppron12:3;pcon_subst_interp:7;praet_aglt_interp:84;conj_praet_siebie:3;interp_conj_ppron12:21;aglt_interp_pcon:3;subst_ppron12_subst:1;subst_interp_pant:15;pact_prep_ppron12:1;ppron3_imps_prep:1;qub_subst_pact:2;pred_num_adj:1;comp_praet_siebie:2;prep_subst_imps:3;interp_subst_pred:5;praet_praet_aglt:1;interp_fin_siebie:3;qub_interp_ppas:2;interp_subst_prep:17;adv_subst_conj:7;ppron12_qub_interp:11;pant_prep_subst:11;subst_pact_qub:2;adv_pcon_inf:1;siebie_adv_fin:2;adj_adv_num:1;empty_adv_interp:12;num_conj_qub:1;empty_praet_ppron3:7;aglt_subst_conj:3;siebie_fin_adj:1;subst_fin_ppron3:10;pcon_adj_ppron3:1;interp_adj_ppron12:28;praet_ppas_subst:4;qub_inf_ppron12:1;interp_ppas_interp:2;interp_comp_adj:41;conj_ppas_praet:1;qub_fin_num:2;ppron3_prep_num:1;subst_qub_winien:3;inf_qub_interp:7;conj_pact_subst:4;subst_empty_empty:4;comp_inf_adj:2;interp_comp_adv:21;fin_adj_subst:78;praet_pred_qub:1;prep_adj_num:1;qub_ppas_interp:2;inf_bedzie_subst:2;empty_adv_pcon:1;pcon_subst_subst:3;praet_prep_ppron12:23;interp_adv_pant:2;qub_prep_adv:2;adv_inf_bedzie:1;adv_fin_subst:9;pcon_interp_subst:3;subst_qub_aglt:1;conj_brev_interp:2;conj_ppron12_prep:1;praet_empty_empty:1;siebie_inf_interp:4;fin_inf_prep:12;praet_inf_interp:5;qub_bedzie_pred:1;ppron12_fin_prep:7;qub_prep_adj:69;aglt_inf_prep:2;impt_subst_prep:2;interp_pact_inf:4;subst_qub_num:3;conj_interp_conj:1;comp_interp_fin:1;qub_ppron12_interp:4;interp_praet_conj:4;comp_prep_ppas:1;prep_adj_subst:437;adj_praet_inf:4;qub_fin_siebie:3;ger_ppron3_subst:5;ppron12_interp_pcon:2;qub_bedzie_interp:3;ppron12_subst_num:1;interp_pant_qub:4;prep_num_qub:1;interp_inf_adv:1;siebie_subst_adj:3;subst_adj_ppron12:2;aglt_adv_adj:9;qub_praet_ppron12:7;interp_inf_adj:4;siebie_subst_adv:1;comp_ppron12_qub:1;qub_praet_praet:1;adv_ppas_adj:2;inf_subst_adv:2;inf_interp_ppron3:1;adj_ppas_praet:1;comp_praet_qub:9;subst_num_conj:1;comp_interp_adv:1;conj_comp_adv:1;adv_ppas_adv:1;adj_adv_prep:2;adj_ppas_interp:1;comp_prep_ger:2;impt_ppron3_adj:1;siebie_adj_conj:1;empty_empty_pact:3;subst_fin_ppas:1;pcon_qub_adv:1;qub_bedzie_praet:2;pcon_qub_subst:4;interp_comp_interp:11;praet_inf_ppas:2;pact_interp_fin:1;fin_subst_ppron12:1;praet_aglt_ppron3:27;qub_praet_pact:1;empty_ger_subst:1;qub_fin_comp:1;ppron12_qub_conj:1;empty_interp_imps:1;prep_ppron12_ppron3:1;siebie_praet_adj:1;empty_empty_winien:1;inf_interp_interp:4;qub_ppron3_adv:3;prep_adj_ger:3;qub_ppron3_adj:3;subst_imps_subst:2;ppas_subst_praet:4;conj_inf_adj:2;fin_ppron3_ppron12:1;subst_ppron12_praet:8;inf_conj_qub:2;pred_subst_prep:2;ppron12_adj_subst:29;pcon_subst_praet:1;interp_inf_inf:1;fin_adj_ger:2;qub_adv_conj:6;empty_fin_inf:2;qub_pred_inf:4;subst_interp_prep:145;interp_pcon_subst:9;interp_ppron12_subst:3;interp_conj_num:2;fin_subst_conj:14;adv_subst_ppas:1;praet_siebie_qub:1;pred_interp_comp:1;pred_adv_adj:1;prep_interp_subst:6;interp_ppas_subst:11;subst_interp_pred:7;pact_inf_qub:1;conj_conj_impt:1;pact_qub_fin:2;adv_ppron12_ppron3:2;empty_comp_qub:10;adj_siebie_adv:1;comp_adv_inf:1;aglt_siebie_inf:1;prep_subst_ppron12:4;praet_adj_ppas:1;adv_adj_praet:2;subst_adv_pact:2;interp_qub_subst:24;empty_prep_subst:61;conj_fin_pred:1;conj_adj_subst:90;adj_interp_impt:1;num_subst_burk:1;conj_fin_prep:15;adv_subst_inf:3;qub_adj_inf:2;subst_num_num:1;ppron3_prep_subst:33;prep_ppas_prep:3;qub_adj_interp:25;pcon_fin_subst:1;subst_conj_prep:19;subst_pred_bedzie:1;subst_adj_imps:1;ppron12_inf_num:1;pred_conj_subst:1;interp_num_subst:6;interp_praet_num:2;brev_interp_prep:1;interp_adj_conj:14;empty_ppron3_prep:1;adj_praet_conj:3;subst_interp_qub:92;pant_ppron3_interp:2;comp_subst_ppron3:2;adj_qub_subst:7;pcon_interp_inf:1;empty_pcon_prep:3;qub_adj_prep:5;adv_interp_ppron12:2;subst_adj_subst:241;subst_pred_ppas:1;aglt_interp_ppron3:2;aglt_siebie_subst:1;imps_subst_adj:1;interp_pred_ppron12:1;interp_ppron3_fin:4;conj_qub_subst:16;adj_imps_adj:1;adv_ppron3_inf:1;ppron12_conj_subst:3;inf_interp_adv:4;ppron12_conj_adv:1;inf_conj_ppron3:1;conj_pcon_fin:1;qub_conj_adv:1;subst_interp_ppron3:4;prep_ppas_subst:14;inf_interp_adj:4;interj_interp_bedzie:1;comp_prep_ppron3:8;interp_subst_qub:32;adv_praet_aglt:35;empty_interp_ppron3:3;bedzie_adv_praet:1;empty_subst_praet:44;subst_adv_ppas:5;subst_ppron3_fin:8;ppron3_qub_fin:13;praet_interp_subst:11;qub_conj_xxx:1;adv_inf_fin:2;comp_praet_ppron12:1;praet_siebie_inf:1;ppron3_adj_praet:2;adv_interp_adv:28;pred_inf_ppas:1;empty_pant_interp:1;adj_conj_fin:9;qub_subst_num:3;adv_fin_ppron12:2;pred_fin_subst:4;aglt_subst_inf:1;prep_adj_siebie:3;adv_interp_adj:6;praet_adj_adj:15;interp_inf_conj:3;interp_adj_pact:1;conj_qub_pred:2;adv_bedzie_interp:2;adv_fin_adv:1;adv_fin_adj:11;conj_qub_prep:10;adj_num_fin:1;interp_adv_comp:3;inf_prep_ger:1;inf_prep_siebie:11;pcon_qub_prep:1;adv_prep_ger:3;comp_subst_ppron12:1;conj_ppron3_empty:1;fin_ppron3_conj:4;prep_num_subst:33;interp_bedzie_pred:1;num_qub_fin:1;adj_interp_adv:29;subst_interp_pcon:18;comp_ppron3_subst:13;interp_inf_subst:2;adj_adj_praet:2;pred_bedzie_adj:1;conj_bedzie_pred:1;comp_praet_subst:4;pred_ppron3_inf:2;praet_ppron3_inf:4;ppron12_subst_inf:1;conj_imps_interp:2;interp_ppron3_interp:4;conj_bedzie_prep:1;inf_subst_adja:1;empty_subst_conj:6;adj_ppas_subst:6;siebie_ppas_ppron3:1;prep_subst_inf:9;num_conj_prep:1;qub_comp_adj:1;num_subst_subst:7;subst_adj_interp:207;adj_pred_inf:2;qub_qub_ppas:1;conj_imps_subst:1;adv_pred_adv:2;interp_adv_qub:31;prep_adv_prep:2;comp_pcon_subst:2;bedzie_ppron3_praet:1;adj_qub_praet:9;interp_qub_impt:5;adjp_praet_aglt:1;conj_praet_adv:4;pant_siebie_interp:1;ppron3_empty_empty:2;inf_siebie_interp:2;ppron3_inf_qub:4;qub_qub_adv:9;adj_pred_ppron12:1;qub_qub_adj:10;adj_pcon_num:1;adj_subst_winien:1;adj_prep_ppron12:11;conj_praet_adj:7;ppron3_inf_adj:6;fin_inf_interp:16;aglt_subst_praet:2;interp_qub_pred:2;subst_adv_fin:12;pred_inf_adv:1;conj_adv_imps:1;adj_fin_prep:13;pred_inf_adj:2;pant_prep_adj:2;praet_aglt_inf:19;adj_fin_subst:19;adv_prep_subst:52;interp_qub_prep:15;num_ppron12_qub:2;interp_pred_qub:3;interp_pant_adj:8;adj_ppron3_subst:22;empty_inf_bedzie:1;pant_interp_comp:3;interp_imps_adv:1;fin_prep_prep:1;aglt_qub_conj:4;subst_interp_empty:866;interp_pant_adv:1;prep_subst_ppas:11;fin_prep_adj:42;ppron3_ger_prep:1;conj_ppron12_adj:1;subst_num_subst:12;adv_qub_imps:1;conj_ppron12_adv:3;fin_conj_prep:5;adv_fin_ppron3:2;adv_qub_impt:1;fin_prep_adv:1;conj_inf_interp:12;prep_adv_subst:2;praet_interp_prep:2;subst_comp_prep:1;qub_ppron12_qub:5;interp_adj_adv:20;winien_siebie_inf:1;qub_siebie_interp:1;qub_adj_ppron3:1;inf_siebie_subst:3;comp_pant_prep:1;adv_adj_qub:1;qub_pred_subst:4;interp_adj_adj:29;adj_conj_qub:9;praet_praet_qub:1;ger_subst_interp:17;empty_empty_interj:15;conj_ger_ppron3:1;adv_qub_aglt:1;comp_ppron3_adv:9;interp_subst_adv:18;adv_interp_pred:1;num_adj_prep:1;interp_qub_interp:49;interp_subst_adj:37;adj_interp_interp:9;empty_empty_interp:486;subst_pcon_prep:2;subst_num_adv:1;empty_empty_ppas:9;adj_conj_ppron12:2;adv_ppron12_conj:1;conj_adv_ppas:7;adjp_fin_qub:1;praet_qub_subst:36;comp_adv_qub:4;adv_conj_pact:1;empty_comp_fin:3;ppron12_qub_subst:12;interp_prep_subst:104;inf_conj_adv:4;empty_pact_subst:1;burk_prep_ppron3:2;ppron12_adv_adv:4;praet_inf_ppron3:2;empty_qub_winien:1;praet_praet_prep:1;empty_subst_num:1;impt_ppron12_qub:1;interp_subst_ppas:2;adv_interp_prep:8;interp_prep_ger:5;praet_ppas_interp:2;adv_ppron12_adv:2;aglt_inf_subst:10;empty_empty_comp:64;inf_ppas_conj:3;subst_siebie_adj:2;aglt_inf_conj:2;subst_num_praet:2;adv_interp_ppron3:2;qub_inf_prep:9;pant_qub_prep:7;empty_fin_ppron3:14;fin_qub_qub:2;subst_adv_imps:1;praet_ppas_prep:2;conj_bedzie_adj:1;adj_prep_ger:3;inf_praet_adj:1;ppron12_num_adv:1;ppas_interp_ppas:1;interp_comp_aglt:11;subst_interp_conj:238;num_conj_subst:2;adv_impt_adv:1;adv_ppas_conj:2;interp_imps_prep:1;inf_adj_ger:1;comp_ppron3_qub:6;subst_ppron12_inf:1;aglt_qub_num:1;aglt_interp_subst:3;subst_subst_conj:39;empty_pred_adv:1;prep_ppas_qub:2;conj_comp_pant:1;adjp_ger_qub:1;qub_fin_prep:26;interp_praet_siebie:1;subst_ppron3_adj:1;subst_interp_fin:85;empty_ppas_praet:2;prep_ger_prep:4;ger_ppron3_adj:1;qub_fin_pred:5;qub_pcon_interp:2;subst_conj_conj:2;empty_pred_adj:1;subst_subst_brev:1;aglt_subst_ppron3:1;impt_ppron12_adv:2;ppron3_inf_ppron3:1;interp_comp_praet:41;bedzie_praet_inf:2;empty_empty_ger:2;subst_interp_adj:291;qub_adv_ppron3:2;ppas_interp_adv:3;subst_interp_adv:71;inf_winien_aglt:1;adj_adv_praet:12;prep_adj_ppas:1;conj_ppron12_interp:7;comp_ppron12_subst:3;adj_qub_interp:3;adv_qub_inf:2;subst_ger_qub:7;empty_pred_pant:1;qub_num_prep:1;empty_adj_interp:12;ppron3_conj_ppron3:1;adj_praet_interp:9;siebie_qub_fin:1;inf_conj_inf:5;qub_adv_adj:16;ppas_interp_ppron3:1;fin_inf_subst:14;prep_ppron3_prep:12;ppron3_adj_prep:3;adj_subst_qub:42;interp_pant_interp:1;burk_prep_adj:2;inf_interp_fin:2;adj_ppron12_adj:1;ppron12_qub_praet:10;adj_ppron12_adv:5;ppron3_interp_subst:5;num_ppas_adv:1;adv_imps_subst:3;adv_adv_adj:7;pact_prep_adj:5;adv_imps_adj:1;empty_praet_subst:8;adj_adv_qub:6;adj_interp_empty:183;interp_interp_qub:4;qub_adv_interp:38;ppron12_subst_prep:7;ppron3_praet_ppron12:1;conj_ppron12_conj:2;aglt_prep_subst:57;ppas_subst_burk:1;pred_ppas_subst:2;adv_adv_adv:4;empty_subst_fin:15;pred_qub_adv:1;prep_prep_prep:1;qub_conj_interp:3;adj_interp_num:3;ppron12_conj_qub:1;prep_ppron3_inf:6;aglt_qub_siebie:1;interp_interp_adv:6;empty_pred_qub:4;comp_interp_pcon:3;comp_pred_inf:1;adj_conj_burk:1;ppron3_qub_praet:13;pred_qub_adj:3;adv_adv_ppas:1;empty_prep_adj:40;conj_adv_pact:3;bedzie_interp_conj:1;adv_praet_subst:10;prep_ppron3_subst:63;adv_praet_praet:1;fin_praet_adj:1;ppron3_praet_aglt:5;ppron12_interp_conj:4;interp_prep_prep:1;ger_adj_adj:1;qub_pant_praet:1;ppron3_ppron12_ppron3:1;adj_conj_adv:6;subst_ppron3_comp:1;ppron3_winien_inf:1;comp_aglt_subst:3;impt_subst_siebie:1;adj_conj_adj:52;interp_pant_ppron12:3;comp_pant_subst:1;comp_adj_fin:1;ppron3_inf_fin:2;praet_qub_interp:15;adj_subst_imps:3;interp_ppron12_adv:4;adv_ppron3_prep:3;ppron3_ppron3_fin:2;interp_interp_empty:44;prep_adj_pact:1;impt_adv_adj:1;praet_siebie_subst:4;prep_ppron12_praet:9;qub_aglt_adj:5;fin_conj_ppron3:2;adv_inf_interp:9;comp_qub_inf:8;qub_aglt_adv:3;inf_adv_pact:1;adj_adv_ppron12:1;conj_fin_adv:5;prep_adj_pcon:1;ger_prep_siebie:1;comp_ppron3_fin:9;fin_brev_interp:1;qub_fin_ppron12:5;fin_ppron12_interp:5;adv_interp_subst:7;adj_ppron12_fin:6;comp_praet_adj:2;adj_prep_ppron3:20;comp_adj_interp:1;conj_fin_adj:17;interp_adv_imps:1;conj_prep_ger:2;subst_conj_ppas:8;qub_interp_pcon:2;adj_praet_aglt:18;conj_qub_ger:1;adv_subst_subst:18;fin_qub_ppron3:5;subst_winien_interp:1;subst_conj_qub:19;fin_subst_ppron3:1;fin_adj_prep:4;empty_adv_ppas:3;interj_interp_praet:1;pred_adv_interp:2;empty_empty_fin:85;num_fin_interp:1;conj_comp_prep:6;conj_prep_ppron12:3;empty_imps_prep:1;interj_interp_num:1;comp_adv_ppas:1;conj_interp_pcon:2;inf_siebie_adj:2;qub_imps_interp:1;imps_ppron12_prep:2;subst_praet_conj:6;prep_ppron3_ger:1;fin_qub_subst:37;ger_fin_qub:1;qub_impt_subst:3;adj_interp_subst:23;ppas_adv_adj:1;ger_adv_interp:2;subst_interp_comp:167;bedzie_adj_adj:1;prep_subst_pred:2;subst_conj_comp:4;bedzie_adj_subst:2;interp_fin_ppas:1;ppron3_winien_aglt:1;pant_praet_ppron12:1;ppron3_fin_inf:2;prep_subst_prep:65;inf_interp_qub:7;adv_qub_adv:3;pred_inf_prep:1;conj_pant_interp:1;adj_qub_inf:3;adv_adv_ppron3:4;adv_ppron3_subst:4;qub_interp_subst:15;prep_siebie_subst:19;subst_ger_adj:5;adv_fin_inf:7;subst_ger_adv:2;empty_adv_fin:15;prep_subst_subst:159;subst_qub_bedzie:2;comp_adj_subst:31;adj_interp_prep:32;impt_ppron12_prep:2;subst_subst_pact:1;qub_num_qub:1;prep_comp_fin:1;adj_subst_ppas:8;interp_fin_qub:36;fin_adv_conj:1;aglt_qub_adv:7;aglt_qub_adj:4;prep_siebie_empty:1;adv_prep_ppron12:6;interp_praet_pcon:2;fin_adj_siebie:1;qub_inf_interp:18;siebie_inf_prep:2;comp_interp_comp:1;praet_interp_pant:3;conj_siebie_prep:1;adj_adv_subst:4;interp_imps_conj:1;subst_prep_ppron12:14;conj_ppron12_fin:8;empty_prep_qub:1;ppas_subst_num:1;num_adv_adj:1;aglt_adv_ppas:2;ppron12_interp_fin:2;impt_subst_interp:6;adv_prep_siebie:2;inf_qub_bedzie:3;interp_qub_adv:19;inf_interp_ppron12:1;conj_subst_qub:12;fin_ppas_subst:3;adj_pred_prep:2;adj_ppron12_subst:3;conj_siebie_inf:2;qub_qub_fin:19;interp_qub_adj:19;interp_impt_num:1;subst_adv_ppron12:3;ppron3_adj_adj:1;prep_ppron3_praet:11;empty_ppron12_ppron3:1;interp_pred_adj:2;pcon_interp_conj:1;ger_prep_subst:8;ppas_ppron3_subst:1;qub_aglt_qub:11;comp_prep_adj:16;conj_ger_qub:1;ppron3_subst_interp:100;ppron3_imps_interp:1;qub_pant_adv:1;ppron12_praet_inf:2;comp_qub_num:1;prep_ppron12_fin:7;interp_adj_fin:47;ppas_qub_praet:1;interp_ppron3_praet:2;praet_aglt_siebie:12;subst_prep_subst:264;aglt_adv_impt:1;qub_adv_fin:7;comp_pred_qub:2;empty_subst_pred:1;pact_ppron3_subst:3;ppas_conj_praet:2;qub_ppron3_fin:5;ppron3_praet_interp:16;empty_adv_adv:11;praet_ppron3_qub:1;ppas_interp_adj:4;empty_pred_praet:1;empty_qub_qub:12;empty_ppron3_qub:4;ppron3_fin_conj:4;empty_adv_adj:11;adj_qub_fin:21;qub_fin_conj:18;subst_subst_comp:2;adj_winien_aglt:1;adv_interp_num:2;prep_ger_qub:9;conj_inf_conj:2;ppron12_adj_conj:2;adv_imps_ppron12:1;interp_comp_subst:81;ger_subst_prep:3;pant_subst_interp:3;ppron3_praet_pred:1;adv_adv_fin:6;subst_interp_interp:49;ppron3_praet_prep:7;interp_subst_praet:25;prep_subst_comp:1;siebie_num_subst:1;adjp_interp_empty:2;qub_praet_subst:21;bedzie_interp_comp:1;qub_interp_pred:1;siebie_praet_aglt:1;num_interp_num:1;fin_interp_interj:1;subst_interp_ger:1;ppron3_conj_adj:1;qub_interp_prep:6;conj_praet_qub:14;empty_qub_bedzie:2;empty_qub_pant:2;interp_prep_ppas:2;comp_subst_bedzie:2;praet_ppron3_adj:8;aglt_praet_praet:1;subst_prep_ppas:5;interp_praet_adv:30;conj_adv_prep:7;ppron12_prep_num:1;inf_subst_interp:38;interp_inf_qub:3;conj_adv_pred:1;interp_qub_comp:1;praet_ppron3_adv:6;pred_ppron12_ppron3:1;empty_subst_imps:1;adj_pcon_subst:2;interp_praet_praet:1;fin_ppron3_qub:2;pact_subst_interp:13;praet_subst_adv:3;qub_ppron3_ppron12:2;praet_subst_adj:24;pact_adv_subst:1;conj_prep_subst:49;adv_ppron12_prep:1;ppron12_subst_conj:6;adv_inf_prep:3;subst_subst_ppas:5;ppas_interp_empty:18;subst_adj_adj:20;ppas_adj_prep:1;adj_qub_ppas:1;empty_conj_praet:3;comp_adj_adj:6;adj_adj_fin:4;ppron12_ppron3_inf:1;qub_ger_ppron3:1;adj_pant_adj:1;subst_adj_adv:6;qub_subst_subst:25;aglt_qub_qub:2;qub_num_inf:1;qub_pant_subst:2;interp_conj_inf:13;fin_num_interp:1;inf_qub_praet:1;empty_subst_ppron12:5;qub_inf_fin:1;conj_inf_qub:8;ppron3_conj_fin:1;adj_conj_num:2;adjp_interp_adv:1;ppron12_ppron12_fin:4;empty_pred_subst:2;ppron3_subst_conj:5;interp_bedzie_ppron3:1;aglt_praet_adj:2;praet_aglt_adv:33;adv_ppas_subst:17;adj_comp_subst:2;praet_ppron12_qub:22;conj_ppron3_adj:2;inf_ppron3_qub:2;empty_empty_adj:87;qub_interp_impt:1;interp_adv_pact:2;fin_conj_inf:6;xxx_xxx_subst:1;praet_aglt_adj:37;ppron3_comp_interp:1;num_inf_praet:1;praet_subst_interp:83;aglt_conj_adj:3;adv_winien_adj:1;prep_burk_imps:1;interp_comp_qub:62;empty_subst_ppas:1;adjp_interp_praet:2;conj_subst_fin:17;empty_pant_prep:3;subst_ppron3_subst:14;praet_interp_conj:17;pcon_num_subst:1;adv_subst_fin:8;siebie_subst_ppas:1;prep_ppron3_ppas:1;qub_pred_fin:1;interp_adv_prep:20;praet_conj_adv:5;ppas_prep_ppron3:5;bedzie_adj_prep:2;impt_qub_adv:1;interp_adj_ppron3:19;aglt_ppas_subst:2;adv_subst_praet:19;adv_pant_prep:2;interp_adv_pred:2;aglt_prep_siebie:3;subst_ppas_conj:3;praet_conj_adj:3;qub_adv_qub:10;prep_ppron12_interp:37;fin_subst_qub:2;prep_ppron3_interp:33;qub_adj_fin:1;prep_subst_empty:1;qub_ppron3_praet:2;fin_ppron12_adv:6;adv_adv_subst:6;subst_ppas_prep:7;pact_subst_praet:1;prep_prep_siebie:1;subst_praet_qub:59;comp_ppron12_adv:2;empty_num_subst:5;adj_interp_inf:1;qub_inf_subst:8;empty_conj_interp:4;subst_prep_interp:5;prep_adjp_interp:7;subst_fin_siebie:2;aglt_interp_fin:3;adv_prep_num:2;inf_subst_prep:13;adv_pact_interp:2;subst_num_interp:5;ppron12_qub_prep:6;interp_adj_imps:1;ppron12_conj_praet:7;conj_ppron3_qub:3;inf_conj_interp:1;empty_subst_comp:1;ppron3_qub_pcon:1;praet_aglt_qub:59;comp_aglt_interp:1;praet_ppron12_interp:5;inf_num_subst:1;ppron3_subst_ger:1;adv_ppron12_praet:6;inf_praet_interp:5;empty_empty_qub:145;imps_ppron3_subst:1;interp_winien_adv:1;adj_subst_praet:120;qub_praet_prep:19;subst_pact_ppron3:1;num_praet_aglt:4;pcon_inf_siebie:1;fin_interp_ger:1;prep_ger_adj:9;interp_ppas_conj:2;adv_ppron3_fin:6;interp_praet_ppron12:17;subst_comp_subst:2;qub_winien_inf:1;interp_pact_adv:6;subst_conj_siebie:1;ppron12_adv_adj:4;interp_pact_adj:3;empty_impt_ppron3:1;empty_ger_adj:1;ppron3_interp_interp:2;interp_praet_adj:15;adj_adj_adj:4;inf_interp_impt:1;comp_subst_fin:25;empty_subst_ppron3:7;subst_prep_qub:2;conj_subst_prep:23;fin_pact_subst:1;empty_conj_ppron12:7;conj_interp_subst:1;ppron12_qub_inf:3;praet_interp_impt:1;praet_adv_subst:9;aglt_inf_ppron3:1;conj_comp_adj:3;aglt_adv_adv:2;adv_inf_winien:1;adv_interp_ppas:1;pred_inf_interp:4;subst_imps_interp:2;praet_interp_ppron12:2;siebie_prep_adj:1;conj_adj_praet:2;subst_conj_adj:27;conj_praet_ppron3:11;subst_conj_adv:13;fin_adv_ppron12:1;qub_prep_subst:89;ppron3_interp_prep:4;subst_ppron3_qub:2;interp_qub_conj:5;conj_conj_qub:4;adj_interp_adj:91;imps_subst_subst:1;fin_interp_fin:31;praet_ppron3_prep:13;fin_ppron12_fin:2;qub_praet_inf:12;fin_prep_ppron3:20;qub_praet_ppas:1;interp_conj_siebie:2;empty_ppron12_subst:1;qub_subst_fin:12;aglt_subst_ger:2;adj_comp_prep:1;ppron3_prep_adv:2;conj_prep_num:3;praet_qub_qub:18;ger_interp_comp:1;adj_praet_ppron3:1;empty_praet_brev:1;interp_inf_fin:1;interp_pred_ppron3:1;comp_qub_fin:12;empty_praet_conj:7;ger_siebie_interp:1;aglt_ppron3_prep:7;conj_subst_bedzie:1;comp_subst_interp:11;pant_prep_prep:1;subst_adj_qub:8;interp_praet_prep:40;qub_qub_ppron12:3;conj_fin_ppron3:3;subst_num_adj:2;ppron12_fin_ppron3:2;num_subst_adv:7;adj_adv_adj:7;aglt_interp_praet:5;inf_ppas_subst:1;praet_siebie_ppron3:1;conj_ppron12_ppron3:1;conj_subst_ppas:3;num_subst_adj:6;ppron3_interp_fin:4;qub_aglt_interp:4;interp_adj_siebie:1;aglt_interp_empty:30;aglt_prep_ppas:1;ppas_adj_subst:8;subst_subst_ppron12:1;conj_adv_adj:14;empty_interp_inf:3;aglt_adv_inf:1;subst_pred_inf:1;conj_adv_adv:12;ppron12_adv_fin:2;qub_subst_ger:1;empty_praet_ppas:1;siebie_interp_inf:1;interp_conj_praet:21;fin_qub_inf:9;interp_pact_subst:11;prep_siebie_adj:12;empty_conj_fin:3;qub_fin_brev:1;pcon_prep_ppron3:3;subst_prep_ppron3:19;comp_subst_inf:1;adv_praet_inf:5;prep_adjp_fin:1;pred_subst_subst:3;subst_subst_inf:8;prep_subst_conj:63;fin_interp_prep:7;adj_subst_interp:835;interp_impt_prep:1;pact_subst_subst:1;pcon_subst_pact:1;praet_pact_prep:1;fin_interp_pred:2;adj_ger_qub:3;num_prep_adj:1;conj_prep_comp:1;empty_ppron12_qub:3;ppron3_ppas_prep:1;ppron3_prep_ppas:1;fin_ppron3_adj:5;interp_num_interp:1;pcon_ppron12_interp:1;aglt_siebie_interp:8;conj_adv_subst:8;empty_conj_prep:5;brev_interp_subst:3;empty_ppron3_subst:4;prep_ppron3_num:2;adv_interp_qub:11;fin_ppron12_prep:8;empty_conj_pred:1;fin_ppron3_adv:9;num_subst_pact:1;subst_pred_subst:1;adv_adj_adv:1;pact_subst_fin:1;praet_adv_inf:3;conj_ppas_subst:5;subst_ppron3_praet:9;conj_ppas_interp:5;inf_prep_adjp:1;aglt_ppron3_interp:3;conj_fin_ppron12:3;aglt_adv_prep:6;adv_adj_adj:5;praet_qub_aglt:44;praet_qub_conj:7;praet_subst_ger:3;conj_subst_ppron3:2;siebie_subst_num:2;adv_adv_qub:4;pact_ppron12_subst:1;empty_pcon_interp:1;ppron3_qub_subst:5;inf_pred_qub:4;empty_qub_ppron12:5;adj_interp_pant:3;qub_aglt_praet:2;ppron3_praet_conj:3;subst_ppron3_prep:3;empty_interp_bedzie:1;imps_interp_empty:2;adv_ppron12_fin:4;subst_inf_interp:26;ppron12_interp_prep:4;praet_interp_interp:5;aglt_ppron3_conj:1;adj_subst_adv:29;empty_prep_ppron3:5;siebie_adv_qub:2;conj_ppron12_praet:4;qub_ppas_prep:3;bedzie_pred_subst:2;fin_ppron12_subst:7;adj_subst_adj:120;prep_subst_qub:28;pant_ppron12_prep:2;interp_pact_qub:3;empty_qub_adv:6;prep_num_interp:2;pant_prep_ppron12:1;aglt_conj_qub:1;pcon_adv_subst:1;imps_ppron12_qub:1;aglt_adj_subst:24;adv_siebie_interp:1;ppron12_ppron3_qub:2;comp_comp_adj:3;adj_ger_adj:4;ger_adj_subst:17;empty_qub_adj:6;subst_bedzie_ppas:1;empty_impt_ppron12:6;inf_qub_num:1;subst_inf_conj:5;praet_aglt_prep:78;praet_subst_subst:24;inf_fin_adv:1;adv_ppas_prep:6;adj_fin_conj:3;pred_qub_qub:2;prep_ppron3_fin:9;aglt_adv_subst:3;adv_subst_interp:49;ppron12_inf_prep:1;interp_siebie_adj:1;qub_ppron12_ppron3:1;aglt_praet_subst:3;adv_adj_interp:64;pcon_ppron3_subst:1;praet_siebie_prep:1;conj_qub_ppron3:7;adj_subst_prep:113;ppron12_qub_fin:17;ppas_subst_fin:2;empty_qub_interp:13;interp_adj_pred:4;ppron12_praet_aglt:8;qub_prep_adjp:1;comp_fin_pred:3;ppron12_adj_interp:6;interp_interp_interp:53;adj_praet_adj:15;adj_subst_pred:2;aglt_subst_subst:16;comp_fin_prep:9;praet_qub_praet:4;ppron3_adv_conj:1;interp_adj_prep:35;ger_subst_ppas:1;brev_interp_praet:1;ppron3_fin_prep:7;ppron3_num_adj:1;adv_pcon_interp:1;ppas_praet_prep:2;pcon_subst_prep:3;qub_conj_subst:4;prep_siebie_fin:1;ppron3_ppron3_prep:1;comp_ppron12_inf:2;subst_adj_ppron3:2;subst_interp_praet:183;pact_fin_adj:1;ppas_subst_ger:1;aglt_conj_subst:2;ppron3_adv_ppas:3;siebie_prep_ppron3:2;prep_adv_adj:12;imps_adv_interp:1;conj_pred_inf:1;siebie_interp_adv:2;num_subst_inf:2;adv_interp_pcon:3;praet_qub_ppron12:5;prep_subst_adj:157;interp_comp_siebie:1;siebie_interp_adj:2;prep_adv_adv:2;conj_ppron12_subst:4;ger_interp_empty:2;qub_adv_ppas:2;ppas_adj_adj:1;subst_winien_inf:2;subst_adj_comp:1;empty_prep_ppron12:5;adj_pred_adj:1;adv_interp_conj:29;comp_qub_pred:2;conj_fin_qub:12;interp_conj_pact:4;bedzie_subst_subst:1;praet_adv_fin:1;interp_conj_comp:9;pant_siebie_subst:1;comp_inf_prep:3;interp_ppron3_pant:1;empty_ppron3_fin:3;prep_comp_praet:1;conj_praet_prep:17;winien_aglt_qub:2;pcon_conj_pcon:1;subst_adj_praet:34;subst_pred_ppron12:1;ppas_prep_ger:1;empty_qub_subst:21;fin_inf_siebie:2;aglt_subst_adj:7;subst_subst_prep:54;qub_qub_inf:2;adj_qub_prep:5;ppas_interp_praet:3;aglt_adv_qub:3;adj_prep_num:2;prep_adj_inf:1;ppron12_adv_prep:4;interp_adj_praet:49;aglt_subst_adv:5;pred_praet_subst:1;qub_adv_bedzie:1;bedzie_subst_interp:1;aglt_subst_prep:16;aglt_interp_adv:5;comp_adj_qub:1;conj_ger_subst:4;qub_conj_prep:5;interp_adj_winien:1;interp_impt_ppron12:2;prep_num_fin:4;interp_praet_aglt:124;adv_adv_interp:30;subst_ppron12_prep:4;interp_praet_interp:21;ppron12_num_interp:1;pcon_ppron3_adv:1;empty_ppron3_empty:1;praet_ppron12_subst:19;interp_ppron12_interp:1;pcon_ppron3_adj:1;praet_aglt_subst:84;interp_interp_imps:2;adv_inf_conj:2;ppron12_interp_comp:6;subst_subst_fin:41;subst_fin_qub:31;praet_ppron12_adj:14;qub_adj_adj:11;adj_subst_empty:1;prep_siebie_adv:3;qub_praet_aglt:69;empty_empty_pred:18;siebie_interp_prep:3;adv_qub_subst:6;comp_ppas_adv:1;comp_fin_conj:2;praet_ppron12_adv:3;qub_ppas_subst:4;interp_adv_ppas:8;ppron3_num_conj:1;prep_siebie_praet:1;empty_praet_num:1;subst_praet_aglt:66;aglt_prep_num:1;empty_ppron12_ppron12:1;subst_num_prep:1;pant_ppron3_adv:1;comp_adj_praet:4;fin_qub_conj:6;ppas_interp_pact:2;subst_subst_num:1;adj_interp_pcon:4;adj_pant_prep:1;adv_adv_pact:2;interp_pcon_siebie:1;empty_interp_num:3;prep_pact_qub:1;comp_comp_qub:1;interp_ppron3_qub:1;praet_conj_num:1;empty_comp_conj:8;empty_inf_prep:2;interp_adv_interp:35;prep_adj_pred:1;num_interp_subst:1;qub_ppron12_adv:3;prep_adv_fin:3;comp_ppron3_prep:5;adv_conj_adv:11;empty_adv_inf:1;qub_interp_pant:2;adv_conj_adj:1;qub_prep_num:4;qub_ppron12_adj:1;imps_subst_interp:2;prep_adj_prep:12;subst_qub_pcon:1;empty_imps_ppron12:1;ger_qub_siebie:1;prep_pact_interp:1;subst_ppas_interp:11;praet_prep_siebie:9;adj_inf_subst:1;interp_prep_num:13;subst_subst_subst:43;adj_subst_fin:85;subst_fin_adv:13;adj_praet_adv:8;praet_qub_ppron3:8;conj_num_interp:1;adv_adj_ppas:1;empty_impt_siebie:2;aglt_interp_conj:4;praet_subst_inf:5;praet_adv_ppas:2;ppron12_imps_inf:1;praet_ppron12_inf:1;empty_ppron12_adj:1;conj_impt_interp:2;interp_pred_interp:5;conj_subst_interp:103;subst_interp_num:7;interp_ger_qub:1;interp_adv_conj:3;inf_qub_subst:9;empty_num_qub:1;praet_pred_adv:1;interp_pact_ppron3:2;qub_imps_prep:1;inf_adj_prep:3;interp_interj_interp:31;adj_siebie_subst:1;conj_qub_comp:1;ppron3_subst_subst:15;fin_adj_adv:2;ppas_adv_prep:3;subst_inf_qub:14;pred_subst_interp:13;qub_fin_inf:18;conj_adj_ppas:1;subst_fin_num:2;fin_adj_adj:14;adv_conj_qub:2;empty_prep_conj:1;conj_qub_adj:18;subst_pact_subst:3;ppron3_adv_fin:3;ppron12_subst_adj:13;comp_aglt_praet:6;ppron12_fin_adj:7;inf_adv_prep:3;ppron12_subst_adv:1;conj_pred_adv:1;subst_interp_subst:194;adj_interp_conj:63;pred_adv_subst:4;adv_praet_num:2;inf_ppron3_prep:4;interp_conj_conj:15;num_fin_prep:2;pcon_prep_ppron12:1;adv_interp_comp:35;interp_num_conj:2;interp_qub_fin:69;fin_siebie_interp:1;empty_adv_subst:16;conj_ppas_prep:5;comp_ppron3_imps:2;interp_prep_ppron12:1;qub_fin_interp:132;empty_qub_ppron3:2;conj_adj_ppron3:3;adj_ppas_prep:1;fin_siebie_adj:4;conj_qub_num:1;adv_fin_num:1;qub_pred_adj:2;adja_interp_adj:1;subst_qub_interp:10;fin_adv_prep:5;adj_imps_prep:1;aglt_ppron12_adv:1;subst_subst_praet:45;interp_praet_ppas:1;interp_subst_impt:1;ppron12_fin_interp:23;ppron3_ger_subst:1;adj_ppron12_qub:4;comp_qub_subst:8;conj_siebie_interp:1;interj_interp_brev:1;adj_inf_fin:3;comp_subst_burk:1;comp_num_subst:1;adv_adv_inf:3;subst_prep_siebie:8;comp_adv_adj:3;praet_brev_interp:1;subst_adv_praet:15;fin_adv_adj:14;empty_praet_pred:5;empty_ppron3_conj:1;brev_interp_conj:1;interp_brev_interp:4;fin_adv_adv:8;prep_interp_comp:2;empty_praet_prep:9;conj_adv_pcon:2;pact_interp_prep:1;ppron3_interp_pact:1;inf_prep_ppron12:3;adv_ppron3_interp:1;praet_adv_conj:2;interj_interp_impt:2;qub_inf_adv:5;qub_inf_adj:7;conj_conj_interp:1;ppas_conj_ppas:3;adj_ppas_qub:1;adv_qub_prep:6;pcon_prep_num:1;empty_comp_ppron3:3;inf_inf_adv:1;adj_bedzie_subst:1;inf_adv_subst:2;adv_winien_siebie:1;pcon_ppron3_interp:3;interp_inf_ppron3:2;conj_ger_interp:1;prep_adj_comp:2;ppron12_conj_ppron12:1;interp_interp_praet:36;aglt_interp_imps:1;comp_ppron3_inf:1;qub_bedzie_burk:1;empty_adj_prep:6;praet_interp_qub:8;fin_conj_fin:14;adj_adj_ppron3:1;pant_adj_subst:5;empty_adj_pred:2;interp_subst_ppron3:10;comp_interp_empty:3;interp_praet_qub:49;interp_pant_prep:6;interp_comp_pant:3;interp_qub_bedzie:2;adj_fin_pact:1;adv_num_subst:5;subst_prep_adj:103;conj_prep_adjp:1;subst_prep_adv:3;interp_fin_interp:38;subst_bedzie_interp:1;pred_praet_adv:1;ppron3_praet_subst:6;praet_num_subst:7;interp_comp_ppron3:49;aglt_interp_qub:5;adv_conj_fin:2;conj_interp_adv:3;subst_interp_brev:1;praet_prep_ppron3:29;aglt_inf_num:1;ppron12_subst_ger:2;qub_winien_aglt:4;ger_prep_adj:1;prep_siebie_conj:1;impt_adv_interp:7;adj_interp_ppron12:1;prep_ppron12_subst:22;pred_praet_conj:1;adv_conj_praet:7;subst_ppron3_inf:3;fin_pred_ppas:1;fin_interp_pant:1;interp_pcon_conj:1;qub_ppron12_siebie:1;interp_fin_ppron3:15;subst_fin_interp:82;adv_prep_pact:1;prep_ppron3_adj:14;fin_subst_adv:8;subst_adj_fin:31;qub_conj_adj:1;comp_adv_interp:2;subst_bedzie_praet:1;adj_ger_subst:3;fin_subst_adj:30;conj_adv_conj:3;prep_ppron3_adv:12;winien_inf_adj:1;ppron12_praet_num:1;fin_ger_adj:1;ppron12_adj_praet:1;ppron3_conj_praet:4;adj_interp_comp:53;pcon_ppron12_qub:1;interp_conj_prep:48;prep_adj_ppron3:11;bedzie_praet_adj:1;conj_praet_aglt:30;adj_adj_conj:2;ppron3_conj_prep:2;subst_pred_qub:3;subst_interp_inf:11;adv_adj_conj:5;fin_prep_ppron12:12;fin_ppron3_prep:11;adv_qub_interp:3;subst_qub_prep:8;subst_qub_praet:71;adv_subst_qub:8;ppron3_interp_praet:6;praet_inf_prep:5;adj_praet_subst:20;subst_qub_pred:3;qub_praet_qub:49;interp_winien_aglt:1;impt_interp_comp:2;siebie_adj_adj:3;ger_interp_conj:2;conj_subst_praet:29;bedzie_adj_interp:1;aglt_interp_ppas:1;num_interp_empty:11;fin_ppron3_subst:16;ger_prep_ppron12:1;adj_adv_winien:1;ppron12_adv_subst:1;ppron3_prep_siebie:2;ppron3_qub_pred:2;conj_num_subst:2;comp_prep_num:3;impt_adj_interp:1;ppron3_adv_prep:4;empty_impt_conj:1;ppas_subst_interp:54;qub_conj_qub:3;qub_adv_praet:6;subst_praet_prep:46;ppron12_prep_adv:2;qub_ppron12_fin:7;bedzie_praet_prep:1;adv_fin_ppas:1;pred_pant_interp:1;comp_qub_prep:4;fin_ppron3_inf:11;interp_pant_pact:1;empty_subst_qub:21;ppron3_ppron12_praet:2;adj_fin_inf:9;bedzie_subst_adv:2;fin_conj_qub:6;aglt_siebie_adv:1;adj_inf_adj:1;adj_interp_qub:22;num_subst_praet:9;adv_subst_adj:13;adj_adv_ppas:2;inf_qub_siebie:1;subst_fin_praet:2;praet_interp_comp:24;adv_subst_adv:2;ppas_subst_conj:3;pred_fin_prep:1;interp_comp_inf:11;praet_conj_praet:12;aglt_siebie_adj:1;empty_adv_praet:26;conj_interp_empty:3;praet_qub_adj:18;num_adj_adv:1;inf_prep_prep:1;subst_adj_pact:1;ger_subst_adj:8;conj_fin_subst:14;ppron12_interp_empty:25;ppron3_adj_subst:26;interp_pred_num:1;empty_pcon_ppron3:2;comp_adj_ppron3:1;comp_qub_pcon:2;empty_conj_pant:1;empty_conj_impt:1;praet_qub_adv:32;conj_adj_ppron12:1;adj_ppron12_praet:10;prep_adj_conj:11;interp_impt_qub:8;prep_subst_adv:23;ppas_interp_qub:2;ger_subst_praet:3;interp_prep_pact:1;adj_ppron3_fin:4;subst_adv_ppron3:2;num_interp_conj:3;empty_comp_interp:1;ppron3_prep_adj:20;pcon_inf_prep:1;praet_aglt_ppron12:2;interp_praet_subst:50;interp_pact_interp:2;num_praet_qub:1;pact_conj_adj:1;fin_prep_ger:1;conj_adv_interp:17;conj_adv_qub:5;inf_qub_pred:2;conj_ger_adj:2;empty_interp_fin:53;interp_pact_prep:10;ppron3_adv_ger:1;aglt_ppron3_adj:1;siebie_qub_qub:1;conj_pact_qub:1;aglt_ppron3_adv:3;inf_qub_prep:18;subst_pred_interp:2;aglt_conj_prep:4;aglt_inf_adj:4;qub_num_interp:4;praet_adv_interp:26;ppron3_subst_ppas:1;qub_qub_praet:23;num_subst_interp:34;adj_conj_pcon:1;praet_inf_subst:8;praet_siebie_adj:2;subst_qub_qub:10;praet_subst_ppas:3;qub_prep_ppron3:28;interp_prep_adj:115;interp_prep_adv:7;conj_conj_subst:2;subst_conj_interp:4;interp_impt_adv:3;ppron3_prep_ppron3:4;fin_interp_pcon:3;fin_qub_interp:22;subst_ppron12_fin:7;inf_subst_subst:7;subst_inf_subst:11;fin_praet_interp:1;ppron3_fin_qub:4;ppron12_fin_conj:2;fin_inf_conj:2;praet_adv_num:1;inf_adv_siebie:1;siebie_interp_ppron12:1;interp_adj_subst:110;pcon_qub_num:1;pant_adv_adj:1;aglt_qub_praet:5;adv_praet_ppas:2;comp_fin_adj:13;ppas_ppron3_adv:1;comp_fin_adv:5;conj_inf_adv:1;interp_subst_interp:138;interj_interp_interj:15;inf_ppas_interp:1;pact_subst_ppron3:1;comp_adj_conj:1;praet_subst_ppron3:1;fin_interp_empty:143;fin_adj_praet:1;qub_subst_conj:9;interj_interp_interp:1;inf_fin_ger:1;subst_fin_subst:63;prep_pact_prep:1;adj_prep_ppas:1;impt_interp_conj:1;adj_fin_ppron12:1;ger_ppron3_brev:1;subst_qub_adv:6;interp_adv_inf:2;interp_conj_pred:3;subst_qub_adj:11;conj_ppron3_subst:6;pact_adj_subst:3;conj_ppron3_prep:2;interp_bedzie_adj:1;empty_winien_aglt:1;adv_qub_fin:29;inf_ppron12_interp:2;ger_subst_ppron3:1;aglt_adj_prep:4;praet_qub_prep:50;adj_praet_ppron12:4;empty_ppron3_ppron12:1;ppas_prep_adj:15;subst_adj_inf:7;qub_pcon_ppron3:2;praet_qub_pred:4;qub_pant_interp:1;ger_adj_ppron3:1;adj_fin_num:2;ppron3_qub_prep:2;subst_interp_impt:8;subst_impt_ppron12:1;fin_conj_adv:4;inf_interp_empty:58;adj_ppron3_inf:2;subst_subst_siebie:1;comp_ppron3_ppron12:3;fin_conj_adj:5;interp_comp_conj:3;adj_fin_ppas:2;subst_ppron12_adv:1;qub_adv_subst:10;subst_conj_ger:8;aglt_prep_adj:17;subst_inf_praet:2;inf_adj_conj:5;comp_praet_pred:2;subst_comp_fin:2;empty_impt_subst:3;qub_adv_ppron12:1;conj_conj_prep:2;fin_interp_conj:34;comp_praet_prep:5;interp_ppron12_fin:5";28737;"/mnt/requests/fextor2/progress/03fa3a21132b27ac0c9da81db41e148a7387766b/tragikomedya-prawdy.txt;/mnt/requests/fextor2/progress/03fa3a21132b27ac0c9da81db41e148a7387766b/tragikomedya-prawdy.txt";true
